1.000000    0.222079    0.099526
2.000000    0.216539    0.089989
3.000000    0.225291    0.094341
4.000000    0.218596    0.070592
5.000000    0.212000    0.023330
6.000000    0.215531    0.049155
7.000000    0.266340    0.059154
8.000000    0.273613    0.099267
9.000000    0.290698    0.172832
10.000000    0.267575    0.172039
11.000000    0.256998    0.098948
12.000000    0.253567    0.086585
13.000000    0.248442    0.017862
14.000000    0.250084    0.002224
15.000000    0.251168    0.000618
16.000000    0.251821    0.005217
17.000000    0.251072    0.011526
18.000000    0.251088    0.001586
19.000000    0.248199    0.005476
20.000000    0.272354    0.026160
21.000000    0.253483    0.025797
22.000000    0.256584    0.001351
23.000000    0.250319    0.010545
24.000000    0.266866    0.019588
25.000000    0.266993    0.025769
26.000000    0.258214    0.018424
27.000000    0.292372    0.030831
28.000000    0.322669    0.074490
29.000000    0.384130    0.201714
30.000000    0.404567    0.215555
31.000000    0.426116    0.271804
32.000000    0.431966    0.250705
33.000000    0.434760    0.249199
34.000000    0.442153    0.007082
35.000000    0.508999    0.062693
36.000000    0.531540    0.094393
37.000000    0.520955    0.089120
38.000000    0.508481    0.133903
39.000000    0.507433    0.000000
40.000000    0.576889    0.015535
41.000000    0.632361    0.029982
42.000000    0.654870    0.067918
43.000000    0.675259    0.049653
44.000000    0.660621    0.041085
45.000000    0.658226    0.057588
46.000000    0.657229    0.090112
47.000000    0.661561    0.089044
48.000000    0.670871    0.088690
49.000000    0.672987    0.089176
50.000000    0.679149    0.007102
51.000000    0.682863    0.003192
52.000000    0.687733    0.003300
53.000000    0.681915    0.000036
54.000000    0.683361    0.000279
55.000000    0.706835    0.003435
56.000000    0.714084    0.040391
57.000000    0.714877    0.069058
58.000000    0.712402    0.053985
59.000000    0.713076    0.024721
60.000000    0.713861    0.015615
61.000000    0.714527    0.006548
62.000000    0.713506    0.043552
63.000000    0.714096    0.028140
64.000000    0.712761    0.017197
65.000000    0.712717    0.012080
66.000000    0.710944    0.047274
67.000000    0.709035    0.030500
68.000000    0.711159    0.036633
69.000000    0.708393    0.024697
70.000000    0.710187    0.023262
71.000000    0.709477    0.030340
72.000000    0.710418    0.021772
73.000000    0.708525    0.032190
74.000000    0.706070    0.035908
75.000000    0.708608    0.021369
76.000000    0.710808    0.056381
77.000000    0.708955    0.035748
78.000000    0.706241    0.022637
79.000000    0.709700    0.041236
80.000000    0.711462    0.029563
81.000000    0.709497    0.031915
82.000000    0.710274    0.027865
83.000000    0.706966    0.049342
84.000000    0.704236    0.037008
85.000000    0.706572    0.031608
86.000000    0.707062    0.022740
87.000000    0.709457    0.033194
88.000000    0.705368    0.035888
89.000000    0.702112    0.013144
90.000000    0.705452    0.027786
91.000000    0.705484    0.020337
92.000000    0.707409    0.020975
93.000000    0.707090    0.026610
94.000000    0.707118    0.018066
95.000000    0.710270    0.037733
96.000000    0.715192    0.147278
97.000000    0.726020    0.250976
98.000000    0.735298    0.210553
99.000000    0.756229    0.583915
100.000000    0.767245    0.593775
101.000000    0.777718    0.539271
102.000000    0.747764    0.549426
103.000000    0.753722    0.289618
104.000000    0.692966    0.447063
105.000000    0.726546    0.409122
106.000000    0.724386    0.230372
107.000000    0.677893    0.477523
108.000000    0.653607    0.423553
109.000000    0.649733    0.438745
110.000000    0.590770    0.283246
111.000000    0.661542    0.206887
112.000000    0.668835    0.328196
113.000000    0.658070    0.112299
114.000000    0.603766    0.030942
115.000000    0.623657    0.261721
116.000000    0.517233    0.368623
117.000000    0.392890    0.357843
118.000000    0.335852    0.257628
119.000000    0.362582    0.280253
120.000000    0.287406    0.319994
121.000000    0.315180    0.279699
122.000000    0.267970    0.321469
123.000000    0.297071    0.253746
124.000000    0.232504    0.196457
125.000000    0.271557    0.193763
126.000000    0.297780    0.216687
127.000000    0.423250    0.390459
128.000000    0.463498    0.217802
129.000000    0.269851    0.383234
130.000000    0.212829    0.191256
131.000000    0.177877    0.140451
132.000000    0.163582    0.068855
133.000000    0.161079    0.075674
134.000000    0.293488    0.065240
135.000000    0.353686    0.185286
136.000000    0.332253    0.231540
137.000000    0.217914    0.199155
138.000000    0.188439    0.112323
139.000000    0.167731    0.043819
140.000000    0.169094    0.029499
141.000000    0.328718    0.088542
142.000000    0.540794    0.114148
143.000000    0.534852    0.289092
144.000000    0.288207    0.235274
145.000000    0.234449    0.138949
146.000000    0.183485    0.142085
147.000000    0.165901    0.066655
148.000000    0.163630    0.053539
149.000000    0.162622    0.046182
150.000000    0.163299    0.032827
151.000000    0.162976    0.048131
152.000000    0.246047    0.117599
153.000000    0.216515    0.164734
154.000000    0.199861    0.139574
155.000000    0.189335    0.120305
156.000000    0.169385    0.086565
157.000000    0.172346    0.095501
158.000000    0.165192    0.049075
159.000000    0.159441    0.014335
160.000000    0.220668    0.008947
161.000000    0.178910    0.092340
162.000000    0.157995    0.038945
163.000000    0.198780    0.052614
164.000000    0.173254    0.076518
165.000000    0.160131    0.042834
166.000000    0.171844    0.012610
167.000000    0.167009    0.045604
168.000000    0.245345    0.084641
169.000000    0.204089    0.142033
170.000000    0.179731    0.087645
171.000000    0.157078    0.045134
172.000000    0.157955    0.000100
173.000000    0.156986    0.000092
174.000000    0.156843    0.000510
175.000000    0.157500    0.000000
176.000000    0.205846    0.043050
177.000000    0.297593    0.172406
178.000000    0.228252    0.136900
179.000000    0.238211    0.123733
180.000000    0.206117    0.131636
181.000000    0.196314    0.082516
182.000000    0.187697    0.066993
183.000000    0.220078    0.095034
184.000000    0.226339    0.131632
185.000000    0.216188    0.123047
186.000000    0.203184    0.102224
187.000000    0.198258    0.092583
188.000000    0.200116    0.042272
189.000000    0.198446    0.009043
190.000000    0.199183    0.008381
191.000000    0.201327    0.013833
192.000000    0.200921    0.016141
193.000000    0.219074    0.029647
194.000000    0.212853    0.066718
195.000000    0.211920    0.056038
196.000000    0.210537    0.040949
197.000000    0.263594    0.041368
198.000000    0.396023    0.113470
199.000000    0.509864    0.110892
200.000000    0.638825    0.199625
201.000000    0.700960    0.138937
202.000000    0.729320    0.258238
203.000000    0.771712    0.273219
204.000000    0.794903    0.129356
205.000000    0.768596    0.148330
206.000000    0.755715    0.095764
207.000000    0.745425    0.154731
208.000000    0.746844    0.112498
209.000000    0.752415    0.079958
210.000000    0.757194    0.025861
211.000000    0.747732    0.027590
212.000000    0.742117    0.037474
213.000000    0.734896    0.043341
214.000000    0.724681    0.040838
215.000000    0.725781    0.005014
216.000000    0.724267    0.000833
217.000000    0.726084    0.014893
218.000000    0.727563    0.012339
219.000000    0.728360    0.013447
220.000000    0.725458    0.007154
221.000000    0.725821    0.005277
222.000000    0.725582    0.043277
223.000000    0.721589    0.025582
224.000000    0.724239    0.022948
225.000000    0.725391    0.019939
226.000000    0.725323    0.019444
227.000000    0.724374    0.012187
228.000000    0.723884    0.004248
229.000000    0.731652    0.003463
230.000000    0.733700    0.000941
231.000000    0.735087    0.003156
232.000000    0.735147    0.004005
233.000000    0.734991    0.014865
234.000000    0.733441    0.006683
235.000000    0.733513    0.002068
236.000000    0.733050    0.012622
237.000000    0.735908    0.007317
238.000000    0.732724    0.015778
239.000000    0.735617    0.036577
240.000000    0.735438    0.053647
241.000000    0.736972    0.027399
242.000000    0.735545    0.009513
243.000000    0.735163    0.003567
244.000000    0.738518    0.011015
245.000000    0.734585    0.018313
246.000000    0.736522    0.039279
247.000000    0.729707    0.057696
248.000000    0.722501    0.063443
249.000000    0.716774    0.050391
250.000000    0.717822    0.081755
251.000000    0.719955    0.084872
252.000000    0.719277    0.003834
253.000000    0.721274    0.000000
254.000000    0.725044    0.000000
255.000000    0.742587    0.000000
256.000000    0.743771    0.000000
257.000000    0.743735    0.014383
258.000000    0.740363    0.009505
259.000000    0.742683    0.016037
260.000000    0.741794    0.019421
261.000000    0.745102    0.024781
262.000000    0.742547    0.014020
263.000000    0.744357    0.027076
264.000000    0.746174    0.026618
265.000000    0.744664    0.033377
266.000000    0.745684    0.022963
267.000000    0.745461    0.012299
268.000000    0.745289    0.011904
269.000000    0.744460    0.014100
270.000000    0.744743    0.009346
271.000000    0.745218    0.013702
272.000000    0.742707    0.023980
273.000000    0.743408    0.037877
274.000000    0.742918    0.062207
275.000000    0.742938    0.022768
276.000000    0.745516    0.201997
277.000000    0.753200    0.247318
278.000000    0.759971    0.300873
279.000000    0.769146    0.108533
280.000000    0.780723    0.241432
281.000000    0.794711    0.549398
282.000000    0.775709    0.494819
283.000000    0.767121    0.507744
284.000000    0.707628    0.336828
285.000000    0.684613    0.360123
286.000000    0.717719    0.380735
287.000000    0.687685    0.402909
288.000000    0.670927    0.288271
289.000000    0.662813    0.298498
290.000000    0.635007    0.372677
291.000000    0.587159    0.420106
292.000000    0.584258    0.345102
293.000000    0.497856    0.506675
294.000000    0.379842    0.265917
295.000000    0.467858    0.201463
296.000000    0.445150    0.359900
297.000000    0.416726    0.415073
298.000000    0.469771    0.356440
299.000000    0.565897    0.351407
300.000000    0.478148    0.317464
301.000000    0.621569    0.182664
302.000000    0.726391    0.394349
303.000000    0.650634    0.363120
304.000000    0.614204    0.395257
305.000000    0.450805    0.372928
306.000000    0.439156    0.186199
307.000000    0.524119    0.279444
308.000000    0.516531    0.279766
309.000000    0.400383    0.281125
310.000000    0.410561    0.287287
311.000000    0.445600    0.296557
312.000000    0.347493    0.278830
313.000000    0.363168    0.270935
314.000000    0.398585    0.201570
315.000000    0.543141    0.305564
316.000000    0.369971    0.343396
317.000000    0.260804    0.285230
318.000000    0.202614    0.171561
319.000000    0.175678    0.100347
320.000000    0.164008    0.032345
321.000000    0.163215    0.023988
322.000000    0.162123    0.020895
323.000000    0.161155    0.032576
324.000000    0.160438    0.030392
325.000000    0.159501    0.018121
326.000000    0.158919    0.007863
327.000000    0.158728    0.002144
328.000000    0.173960    0.011789
329.000000    0.246158    0.079563
330.000000    0.204531    0.132652
331.000000    0.172406    0.083975
332.000000    0.225414    0.118313
333.000000    0.202048    0.169935
334.000000    0.173816    0.109832
335.000000    0.167476    0.042364
336.000000    0.165555    0.026283
337.000000    0.236354    0.054914
338.000000    0.376558    0.160163
339.000000    0.341440    0.266495
340.000000    0.198175    0.160055
341.000000    0.176825    0.065061
342.000000    0.155839    0.010370
343.000000    0.153734    0.000116
344.000000    0.153818    0.000000
345.000000    0.154113    0.000000
346.000000    0.153742    0.000000
347.000000    0.154288    0.000379
348.000000    0.154487    0.021146
349.000000    0.154511    0.005468
350.000000    0.153830    0.000805
351.000000    0.196712    0.018173
352.000000    0.220158    0.058034
353.000000    0.195445    0.067806
354.000000    0.312785    0.058505
355.000000    0.274398    0.093177
356.000000    0.257632    0.131273
357.000000    0.260752    0.142081
358.000000    0.323282    0.139746
359.000000    0.284967    0.224749
360.000000    0.300598    0.166547
361.000000    0.327535    0.024207
362.000000    0.345931    0.128073
363.000000    0.373111    0.166766
364.000000    0.387542    0.268719
365.000000    0.407265    0.173777
366.000000    0.439471    0.199502
367.000000    0.503296    0.182349
368.000000    0.574562    0.186681
369.000000    0.619747    0.087594
370.000000    0.663666    0.023800
371.000000    0.676538    0.072394
372.000000    0.660936    0.125414
373.000000    0.629850    0.124036
374.000000    0.635326    0.090790
375.000000    0.632839    0.036322
376.000000    0.599123    0.049115
377.000000    0.589722    0.022059
378.000000    0.593823    0.016372
379.000000    0.596804    0.000514
380.000000    0.595377    0.000000
381.000000    0.595927    0.002618
382.000000    0.597960    0.002443