1.666667    0.218807    0.098673
3.333333    0.222147    0.070461
5.000000    0.212000    0.090583
6.666667    0.253969    0.105145
8.333333    0.277407    0.141424
10.000000    0.267575    0.167731
11.666667    0.255711    0.131707
13.333333    0.248757    0.049677
15.000000    0.251168    0.002678
16.666667    0.248721    0.004209
18.333333    0.249410    0.006548
20.000000    0.272354    0.022720
21.666667    0.254966    0.040953
23.333333    0.250741    0.005763
25.000000    0.266993    0.011836
26.666667    0.278802    0.053316
28.333333    0.342193    0.108839
30.000000    0.404567    0.263498
31.666667    0.431213    0.289463
33.333333    0.436107    0.280476
35.000000    0.508999    0.033951
36.666667    0.524801    0.087785
38.333333    0.508533    0.141523
40.000000    0.576889    0.000279
41.666667    0.647135    0.054599
43.333333    0.671963    0.082365
45.000000    0.658226    0.063379
46.666667    0.659027    0.056548
48.333333    0.671349    0.105663
50.000000    0.679149    0.092185
51.666667    0.686868    0.006117
53.333333    0.682154    0.001817
55.000000    0.706835    0.005285
56.666667    0.714140    0.055277
58.333333    0.713909    0.066778
60.000000    0.713861    0.020704
61.666667    0.714080    0.006325
63.333333    0.713993    0.018420
65.000000    0.712717    0.010143
66.666667    0.712693    0.028260
68.333333    0.710402    0.042527
70.000000    0.710187    0.023836
71.666667    0.710589    0.022549
73.333333    0.708549    0.014379
75.000000    0.708608    0.024757
76.666667    0.707648    0.035214
78.333333    0.706560    0.022087
80.000000    0.711462    0.042225
81.666667    0.710254    0.029197
83.333333    0.707389    0.051287
85.000000    0.706572    0.042591
86.666667    0.707819    0.039200
88.333333    0.704854    0.036518
90.000000    0.705452    0.021298
91.666667    0.706488    0.030245
93.333333    0.708086    0.016344
95.000000    0.710270    0.049605
96.666667    0.721971    0.176451
98.333333    0.743117    0.427726
100.000000    0.767245    0.603248
101.666667    0.755444    0.556911
103.333333    0.734059    0.287215
105.000000    0.726546    0.249617
106.666667    0.675191    0.116168
108.333333    0.664016    0.459162
110.000000    0.590770    0.272414
111.666667    0.647493    0.521150
113.333333    0.633110    0.294648
115.000000    0.623657    0.359409
116.666667    0.452351    0.414702
118.333333    0.362099    0.267970
120.000000    0.287406    0.287056
121.666667    0.279201    0.214989
123.333333    0.268329    0.247370
125.000000    0.271557    0.208513
126.666667    0.324964    0.197162
128.333333    0.360788    0.269161
130.000000    0.212829    0.300299
131.666667    0.163100    0.117910
133.333333    0.158919    0.040738
135.000000    0.353686    0.215355
136.666667    0.241918    0.266451
138.333333    0.174725    0.127814
140.000000    0.169094    0.034971
141.666667    0.468285    0.142245
143.333333    0.474486    0.279109
145.000000    0.234449    0.216149
146.666667    0.170791    0.131185
148.333333    0.163706    0.061629
150.000000    0.163299    0.048219
151.666667    0.199271    0.083082
153.333333    0.209983    0.106942
155.000000    0.189335    0.130468
156.666667    0.163877    0.089124
158.333333    0.164264    0.062928
160.000000    0.220668    0.093030
161.666667    0.159493    0.089144
163.333333    0.184087    0.090770
165.000000    0.160131    0.071246
166.666667    0.167567    0.034130
168.333333    0.247696    0.101845
170.000000    0.179731    0.125247
171.666667    0.157847    0.053945
173.333333    0.157022    0.000267
175.000000    0.157500    0.002363
176.666667    0.292464    0.103384
178.333333    0.206157    0.136000
180.000000    0.206117    0.094197
181.666667    0.189475    0.060334
183.333333    0.222840    0.112000
185.000000    0.216188    0.129762
186.666667    0.198502    0.106970
188.333333    0.200379    0.076606
190.000000    0.199183    0.009389
191.666667    0.200885    0.015626
193.333333    0.218034    0.023051
195.000000    0.211920    0.051363
196.666667    0.226136    0.012673
198.333333    0.435354    0.044193
200.000000    0.638825    0.096011
201.666667    0.717655    0.090355
203.333333    0.780285    0.256345
205.000000    0.768596    0.147290
206.666667    0.747657    0.163610
208.333333    0.747844    0.166208
210.000000    0.757194    0.056400
211.666667    0.744329    0.030368
213.333333    0.731875    0.042392
215.000000    0.725781    0.025964
216.666667    0.723422    0.007170
218.333333    0.727339    0.000674
220.000000    0.725458    0.019038
221.666667    0.724546    0.019548
223.333333    0.721258    0.022888
225.000000    0.725391    0.019978
226.666667    0.723804    0.017878
228.333333    0.724920    0.009493
230.000000    0.733700    0.000845
231.666667    0.734656    0.000681
233.333333    0.736645    0.012785
235.000000    0.733513    0.015957
236.666667    0.735681    0.011761
238.333333    0.733134    0.011813
240.000000    0.735438    0.042799
241.666667    0.735035    0.021326
243.333333    0.736789    0.010031
245.000000    0.734585    0.011263
246.666667    0.732245    0.064451
248.333333    0.718687    0.064060
250.000000    0.717822    0.080460
251.666667    0.716388    0.096425
253.333333    0.720967    0.000618
255.000000    0.742587    0.002575
256.666667    0.744018    0.000000
258.333333    0.742245    0.012227
260.000000    0.741794    0.016184
261.666667    0.742073    0.028085
263.333333    0.745676    0.014829
265.000000    0.744664    0.024334
266.666667    0.745923    0.028101
268.333333    0.743914    0.016105
270.000000    0.744743    0.007943
271.666667    0.742241    0.029324
273.333333    0.744755    0.040810
275.000000    0.742938    0.045584
276.666667    0.750239    0.261506
278.333333    0.764116    0.280731
280.000000    0.780723    0.166838
281.666667    0.790702    0.500646
283.333333    0.752726    0.526267
285.000000    0.684613    0.422517
286.666667    0.682684    0.363199
288.333333    0.673430    0.363331
290.000000    0.635007    0.375554
291.666667    0.637151    0.298298
293.333333    0.496166    0.548326
295.000000    0.467858    0.457915
296.666667    0.424418    0.431787
298.333333    0.529448    0.407174
300.000000    0.478148    0.287701
301.666667    0.691539    0.312777
303.333333    0.637837    0.392041
305.000000    0.450805    0.280926
306.666667    0.503985    0.392755
308.333333    0.447270    0.192253
310.000000    0.410561    0.277790
311.666667    0.418954    0.265144
313.333333    0.369405    0.242898
315.000000    0.543141    0.310896
316.666667    0.303663    0.335713
318.333333    0.196577    0.196059
320.000000    0.164008    0.041659
321.666667    0.161498    0.027308
323.333333    0.161342    0.026933
325.000000    0.159501    0.032496
326.666667    0.158704    0.009664
328.333333    0.207377    0.033967
330.000000    0.204531    0.107863
331.666667    0.207333    0.083030
333.333333    0.187135    0.110462
335.000000    0.167476    0.098454
336.666667    0.169142    0.023533
338.333333    0.380010    0.139977
340.000000    0.198175    0.233341
341.666667    0.156213    0.061290
343.333333    0.154001    0.000040
345.000000    0.154113    0.000000
346.666667    0.154141    0.000000
348.333333    0.154611    0.003774
350.000000    0.153830    0.001323
351.666667    0.231353    0.070915
353.333333    0.253846    0.083564
355.000000    0.274398    0.150889
356.666667    0.273605    0.112841
358.333333    0.309955    0.207010
360.000000    0.300598    0.229583
361.666667    0.337167    0.034318
363.333333    0.378559    0.184421
365.000000    0.407265    0.093360
366.666667    0.480691    0.175171
368.333333    0.576773    0.066766
370.000000    0.663666    0.119711
371.666667    0.674661    0.094225
373.333333    0.628372    0.139036
375.000000    0.632839    0.089279
376.666667    0.597469    0.011199
378.333333    0.595784    0.032325
380.000000    0.595377    0.000000
381.666667    0.597999    0.006365