2.666667    0.229113    0.114427
5.333333    0.211868    0.084656
8.000000    0.273613    0.079751
10.666667    0.257357    0.147569
13.333333    0.248757    0.104571
16.000000    0.251821    0.008126
18.666667    0.248868    0.002786
21.333333    0.253559    0.009254
24.000000    0.266866    0.015192
26.666667    0.278802    0.023406
29.333333    0.394715    0.106548
32.000000    0.431966    0.279085
34.666667    0.488040    0.343512
37.333333    0.517850    0.049737
40.000000    0.576889    0.302706
42.666667    0.667376    0.084923
45.333333    0.659146    0.057668
48.000000    0.670871    0.084047
50.666667    0.681385    0.092950
53.333333    0.682154    0.000542
56.000000    0.714084    0.000363
58.666667    0.712641    0.059298
61.333333    0.713969    0.035282
64.000000    0.712761    0.009421
66.666667    0.712693    0.014455
69.333333    0.708640    0.046736
72.000000    0.710418    0.035748
74.666667    0.708361    0.031460
77.333333    0.706552    0.026726
80.000000    0.711462    0.041308
82.666667    0.705942    0.034370
85.333333    0.706907    0.046680
88.000000    0.705368    0.034370
90.666667    0.701937    0.030635
93.333333    0.708086    0.016519
96.000000    0.715192    0.151821
98.666667    0.747975    0.402714
101.333333    0.776610    0.561553
104.000000    0.692966    0.341471
106.666667    0.675191    0.231811
109.333333    0.616742    0.361382
112.000000    0.668835    0.322290
114.666667    0.611657    0.279268
117.333333    0.343875    0.236741
120.000000    0.287406    0.278479
122.666667    0.287450    0.275438
125.333333    0.275084    0.181600
128.000000    0.463498    0.299542
130.666667    0.191416    0.329535
133.333333    0.158919    0.090694
136.000000    0.332253    0.185996
138.666667    0.171848    0.204173
141.333333    0.402375    0.137522
144.000000    0.288207    0.174394
146.666667    0.170791    0.087837
149.333333    0.163299    0.052989
152.000000    0.246047    0.147115
154.666667    0.203292    0.144289
157.333333    0.172123    0.082939
160.000000    0.220668    0.109983
162.666667    0.197135    0.114196
165.333333    0.165447    0.037064
168.000000    0.245345    0.083624
170.666667    0.162769    0.111314
173.333333    0.157022    0.010932
176.000000    0.205846    0.049000
178.666667    0.212167    0.078152
181.333333    0.192368    0.138474
184.000000    0.226339    0.127013
186.666667    0.198502    0.138913
189.333333    0.198984    0.079890
192.000000    0.200921    0.021724
194.666667    0.212143    0.033736
197.333333    0.317555    0.054854
200.000000    0.638825    0.119154
202.666667    0.765184    0.110964
205.333333    0.748302    0.181121
208.000000    0.746844    0.159605
210.666667    0.748135    0.080938
213.333333    0.731875    0.038769
216.000000    0.724267    0.023350
218.666667    0.728109    0.020361
221.333333    0.725534    0.011912
224.000000    0.724239    0.027443
226.666667    0.723804    0.024295
229.333333    0.732712    0.010151
232.000000    0.735147    0.003858
234.666667    0.733668    0.011282
237.333333    0.735210    0.015208
240.000000    0.735438    0.023091
242.666667    0.736107    0.017253
245.333333    0.734748    0.012311
248.000000    0.722501    0.056532
250.666667    0.719341    0.072657
253.333333    0.720967    0.002331
256.000000    0.743771    0.000697
258.666667    0.743512    0.016579
261.333333    0.742041    0.007935
264.000000    0.746174    0.033501
266.666667    0.745923    0.015758
269.333333    0.745604    0.017703
272.000000    0.742707    0.020728
274.666667    0.741388    0.059437
277.333333    0.755253    0.259477
280.000000    0.780723    0.442914
282.666667    0.781596    0.633321
285.333333    0.691894    0.458381
288.000000    0.670927    0.403655
290.666667    0.587944    0.275271
293.333333    0.496166    0.356663
296.000000    0.445150    0.386087
298.666667    0.555396    0.353898
301.333333    0.658142    0.370497
304.000000    0.614204    0.427997
306.666667    0.503985    0.390766
309.333333    0.449984    0.307102
312.000000    0.347493    0.307433
314.666667    0.489315    0.311589
317.333333    0.230902    0.306544
320.000000    0.164008    0.154201
322.666667    0.161561    0.016447
325.333333    0.159338    0.041471
328.000000    0.173960    0.014475
330.666667    0.177491    0.046903
333.333333    0.187135    0.111613
336.000000    0.165555    0.106536
338.666667    0.409071    0.145345
341.333333    0.162311    0.229854
344.000000    0.153818    0.001714
346.666667    0.154141    0.000000
349.333333    0.154579    0.003774
352.000000    0.220158    0.070098
354.666667    0.284872    0.180400
357.333333    0.267531    0.136107
360.000000    0.300598    0.173581
362.666667    0.368839    0.185258
365.333333    0.412781    0.233174
368.000000    0.574562    0.178284
370.666667    0.674227    0.089893
373.333333    0.628372    0.137450
376.000000    0.599123    0.133903
378.666667    0.597398    0.037992
381.333333    0.597928    0.002108