4.000000    0.218596    0.091077
8.000000    0.273613    0.059190
12.000000    0.253567    0.150068
16.000000    0.251821    0.028997
20.000000    0.272354    0.034298
24.000000    0.266866    0.061402
28.000000    0.322669    0.012323
32.000000    0.431966    0.254683
36.000000    0.531540    0.342193
40.000000    0.576889    0.311940
44.000000    0.660621    0.081855
48.000000    0.670871    0.063694
52.000000    0.687733    0.066224
56.000000    0.714084    0.004109
60.000000    0.713861    0.024299
64.000000    0.712761    0.005823
68.000000    0.711159    0.023071
72.000000    0.710418    0.025359
76.000000    0.710808    0.052515
80.000000    0.711462    0.052447
84.000000    0.704236    0.038674
88.000000    0.705368    0.030791
92.000000    0.707409    0.033517
96.000000    0.715192    0.141711
100.000000    0.767245    0.537610
104.000000    0.692966    0.220377
108.000000    0.653607    0.151096
112.000000    0.668835    0.544313
116.000000    0.517233    0.362179
120.000000    0.287406    0.379376
124.000000    0.232504    0.228702
128.000000    0.463498    0.258373
132.000000    0.163582    0.276239
136.000000    0.332253    0.176769
140.000000    0.169094    0.153941
144.000000    0.288207    0.065698
148.000000    0.163630    0.085976
152.000000    0.246047    0.120843
156.000000    0.169385    0.118906
160.000000    0.220668    0.135079
164.000000    0.173254    0.111625
168.000000    0.245345    0.116432
172.000000    0.157955    0.108903
176.000000    0.205846    0.041874
180.000000    0.206117    0.054256
184.000000    0.226339    0.096377
188.000000    0.200116    0.145122
192.000000    0.200921    0.024721
196.000000    0.210537    0.027826
200.000000    0.638825    0.127758
204.000000    0.794903    0.085665
208.000000    0.746844    0.212940
212.000000    0.742117    0.103667
216.000000    0.724267    0.035740
220.000000    0.725458    0.010011
224.000000    0.724239    0.015256
228.000000    0.723884    0.010493
232.000000    0.735147    0.003527
236.000000    0.733050    0.041934
240.000000    0.735438    0.020911
244.000000    0.738518    0.019891
248.000000    0.722501    0.064750
252.000000    0.719277    0.068954
256.000000    0.743771    0.004547
260.000000    0.741794    0.005966
264.000000    0.746174    0.039004
268.000000    0.745289    0.025303
272.000000    0.742707    0.014973
276.000000    0.745516    0.189443
280.000000    0.780723    0.343030
284.000000    0.707628    0.302762
288.000000    0.670927    0.300753
292.000000    0.584258    0.376861
296.000000    0.445150    0.358545
300.000000    0.478148    0.353914
304.000000    0.614204    0.270907
308.000000    0.516531    0.322326
312.000000    0.347493    0.232413
316.000000    0.369971    0.295887
320.000000    0.164008    0.223151
324.000000    0.160438    0.022936
328.000000    0.173960    0.020883
332.000000    0.225414    0.105807
336.000000    0.165555    0.108732
340.000000    0.198175    0.066535
344.000000    0.153818    0.062853
348.000000    0.154487    0.000000
352.000000    0.220158    0.070596
356.000000    0.257632    0.184449
360.000000    0.300598    0.170708
364.000000    0.387542    0.212052
368.000000    0.574562    0.191443
372.000000    0.660936    0.186633
376.000000    0.599123    0.196318
380.000000    0.595377    0.013271
