2.333333    0.219747    0.103336
4.666667    0.212215    0.069289
7.000000    0.266340    0.089925
9.333333    0.286163    0.162653
11.666667    0.255711    0.121840
14.000000    0.250084    0.058588
16.333333    0.247924    0.005480
18.666667    0.248868    0.001746
21.000000    0.253483    0.002634
23.333333    0.250741    0.005121
25.666667    0.259888    0.010382
28.000000    0.322669    0.070628
30.333333    0.412626    0.189897
32.666667    0.434716    0.303858
35.000000    0.508999    0.211518
37.333333    0.517850    0.078902
39.666667    0.551036    0.120238
42.000000    0.654870    0.059346
44.333333    0.662430    0.084110
46.666667    0.659027    0.081317
49.000000    0.672987    0.110346
51.333333    0.685306    0.006508
53.666667    0.683015    0.001259
56.000000    0.714084    0.001618
58.333333    0.713909    0.066786
60.666667    0.713052    0.024701
63.000000    0.714096    0.019608
65.333333    0.709142    0.008620
67.666667    0.710872    0.047055
70.000000    0.710187    0.034015
72.333333    0.707361    0.041077
74.666667    0.708361    0.028356
77.000000    0.708955    0.035952
79.333333    0.710760    0.041834
81.666667    0.710254    0.033600
84.000000    0.704236    0.048761
86.333333    0.706452    0.015607
88.666667    0.705950    0.016200
91.000000    0.705484    0.018998
93.333333    0.708086    0.019369
95.666667    0.710633    0.142894
98.000000    0.735298    0.061462
100.333333    0.769580    0.545022
102.666667    0.750630    0.506683
105.000000    0.726546    0.390479
107.333333    0.662825    0.327208
109.666667    0.588020    0.405364
112.000000    0.668835    0.406321
114.333333    0.583720    0.414917
116.666667    0.452351    0.296501
119.000000    0.362582    0.343141
121.333333    0.300921    0.247565
123.666667    0.241726    0.256440
126.000000    0.297780    0.268719
128.333333    0.360788    0.364264
130.666667    0.191416    0.278583
133.000000    0.161079    0.074203
135.333333    0.388462    0.234824
137.666667    0.190104    0.200422
140.000000    0.169094    0.048788
142.333333    0.569046    0.162143
144.666667    0.263331    0.261263
147.000000    0.165901    0.124143
149.333333    0.163299    0.044512
151.666667    0.199271    0.072099
154.000000    0.199861    0.097330
156.333333    0.165702    0.098641
158.666667    0.162315    0.047828
161.000000    0.178910    0.033752
163.333333    0.184087    0.133808
165.666667    0.175550    0.073896
168.000000    0.245345    0.092659
170.333333    0.175191    0.110764
172.666667    0.156568    0.016328
175.000000    0.157500    0.002025
177.333333    0.290320    0.147154
179.666667    0.223625    0.134652
182.000000    0.187697    0.096330
184.333333    0.224629    0.126255
186.666667    0.198502    0.141392
189.000000    0.198446    0.086896
191.333333    0.201383    0.018050
193.666667    0.216165    0.027758
196.000000    0.210537    0.029663
198.333333    0.435354    0.049522
200.666667    0.684728    0.242611
203.000000    0.771712    0.102838
205.333333    0.748302    0.146493
207.666667    0.746883    0.165045
210.000000    0.757194    0.122685
212.333333    0.737526    0.033843
214.666667    0.726487    0.043245
217.000000    0.726084    0.001869
219.333333    0.727929    0.005014
221.666667    0.724546    0.024932
224.000000    0.724239    0.017388
226.333333    0.724697    0.012829
228.666667    0.725112    0.013733
231.000000    0.735087    0.004782
233.333333    0.736645    0.008182
235.666667    0.732389    0.017400
238.000000    0.732724    0.030061
240.333333    0.735422    0.037331
242.666667    0.736107    0.008955
245.000000    0.734585    0.011278
247.333333    0.726610    0.070238
249.666667    0.717555    0.087155
252.000000    0.719277    0.059904
254.333333    0.728599    0.002013
256.666667    0.744018    0.014267
259.000000    0.742683    0.004252
261.333333    0.742041    0.017324
263.666667    0.746146    0.021656
266.000000    0.745684    0.015782
268.333333    0.743914    0.037219
270.666667    0.743883    0.028384
273.000000    0.743408    0.020034
275.333333    0.744289    0.051949
277.666667    0.760019    0.267516
280.000000    0.780723    0.192117
282.333333    0.774287    0.581301
284.666667    0.674554    0.495242
287.000000    0.687685    0.218990
289.333333    0.664351    0.222031
291.666667    0.637151    0.488020
294.000000    0.379842    0.341750
296.333333    0.416212    0.193269
298.666667    0.555396    0.374972
301.000000    0.621569    0.388945
303.333333    0.637837    0.472390
305.666667    0.437024    0.341623
308.000000    0.516531    0.001889
310.333333    0.419787    0.277957
312.666667    0.348537    0.252300
315.000000    0.543141    0.286613
317.333333    0.230902    0.282062
319.666667    0.164060    0.146230
322.000000    0.162123    0.037032
324.333333    0.160250    0.028392
326.666667    0.158704    0.001315
329.000000    0.246158    0.072657
331.333333    0.170078    0.080416
333.666667    0.184091    0.077877
336.000000    0.165555    0.079252
338.333333    0.380010    0.130197
340.666667    0.175391    0.194417
343.000000    0.153734    0.036765
345.333333    0.154212    0.000000
347.666667    0.154747    0.000000
350.000000    0.153830    0.002013
352.333333    0.207564    0.055201
354.666667    0.284872    0.160561
357.000000    0.260752    0.130129
359.333333    0.274861    0.111175
361.666667    0.337167    0.138650
364.000000    0.387542    0.237538
366.333333    0.462665    0.234370
368.666667    0.593811    0.116220
371.000000    0.676538    0.093109
373.333333    0.628372    0.141380
375.666667    0.612518    0.103057
378.000000    0.593823    0.035812
380.333333    0.594205    0.000000