3.000000    0.225291    0.107827
6.000000    0.215531    0.089582
9.000000    0.290698    0.093133
12.000000    0.253567    0.184493
15.000000    0.251168    0.046262
18.000000    0.251088    0.010836
21.000000    0.253483    0.020070
24.000000    0.266866    0.008588
27.000000    0.292372    0.039606
30.000000    0.404567    0.208580
33.000000    0.434760    0.225980
36.000000    0.531540    0.041372
39.000000    0.507433    0.260278
42.000000    0.654870    0.054567
45.000000    0.658226    0.061617
48.000000    0.670871    0.113753
51.000000    0.682863    0.104205
54.000000    0.683361    0.001793
57.000000    0.714877    0.000797
60.000000    0.713861    0.027726
63.000000    0.714096    0.006528
66.000000    0.710944    0.011203
69.000000    0.708393    0.009672
72.000000    0.710418    0.008668
75.000000    0.708608    0.036386
78.000000    0.706241    0.033640
81.000000    0.709497    0.058357
84.000000    0.704236    0.061000
87.000000    0.709457    0.010908
90.000000    0.705452    0.027327
93.000000    0.707090    0.021182
96.000000    0.715192    0.153694
99.000000    0.756229    0.610063
102.000000    0.747764    0.507791
105.000000    0.726546    0.271529
108.000000    0.653607    0.232345
111.000000    0.661542    0.429866
114.000000    0.603766    0.340236
117.000000    0.392890    0.282253
120.000000    0.287406    0.299837
123.000000    0.297071    0.255759
126.000000    0.297780    0.243145
129.000000    0.269851    0.236135
132.000000    0.163582    0.176303
135.000000    0.353686    0.201072
138.000000    0.188439    0.222852
141.000000    0.328718    0.077873
144.000000    0.288207    0.102889
147.000000    0.165901    0.101941
150.000000    0.163299    0.056305
153.000000    0.216515    0.116778
156.000000    0.169385    0.147139
159.000000    0.159441    0.022673
162.000000    0.157995    0.000235
165.000000    0.160131    0.019373
168.000000    0.245345    0.077921
171.000000    0.157078    0.103061
174.000000    0.156843    0.000960
177.000000    0.297593    0.151395
180.000000    0.206117    0.157357
183.000000    0.220078    0.100319
186.000000    0.203184    0.163953
189.000000    0.198446    0.105823
192.000000    0.200921    0.026793
195.000000    0.211920    0.031847
198.000000    0.396023    0.032588
201.000000    0.700960    0.149876
204.000000    0.794903    0.075128
207.000000    0.745425    0.212821
210.000000    0.757194    0.130340
213.000000    0.734896    0.031500
216.000000    0.724267    0.043898
219.000000    0.728360    0.008329
222.000000    0.725582    0.009381
225.000000    0.725391    0.021110
228.000000    0.723884    0.013861
231.000000    0.735087    0.007373
234.000000    0.733441    0.006309
237.000000    0.735908    0.007393
240.000000    0.735438    0.012187
243.000000    0.735163    0.025418
246.000000    0.736522    0.016954
249.000000    0.716774    0.084927
252.000000    0.719277    0.068910
255.000000    0.742587    0.001522
258.000000    0.740363    0.000116
261.000000    0.745102    0.014112
264.000000    0.746174    0.025697
267.000000    0.745461    0.016017
270.000000    0.744743    0.005755
273.000000    0.743408    0.017838
276.000000    0.745516    0.230699
279.000000    0.769146    0.268942
282.000000    0.775709    0.540854
285.000000    0.684613    0.426690
288.000000    0.670927    0.462873
291.000000    0.587159    0.287299
294.000000    0.379842    0.304165
297.000000    0.416726    0.315328
300.000000    0.478148    0.204312
303.000000    0.650634    0.172689
306.000000    0.439156    0.290941
309.000000    0.400383    0.242468
312.000000    0.347493    0.239056
315.000000    0.543141    0.402889
318.000000    0.202614    0.237048
321.000000    0.163215    0.112924
324.000000    0.160438    0.024992
327.000000    0.158728    0.001522
330.000000    0.204531    0.074231
333.000000    0.202048    0.094480
336.000000    0.165555    0.097677
339.000000    0.341440    0.163399
342.000000    0.155839    0.145134
345.000000    0.154113    0.000000
348.000000    0.154487    0.000000
351.000000    0.196712    0.015626
354.000000    0.312785    0.058222
357.000000    0.260752    0.133828
360.000000    0.300598    0.126702
363.000000    0.373111    0.193173
366.000000    0.439471    0.232429
369.000000    0.619747    0.148394
372.000000    0.660936    0.071939
375.000000    0.632839    0.186601
378.000000    0.593823    0.062231
381.000000    0.595927    0.002108