5.333333    0.211868    0.105870
10.666667    0.257357    0.097497
16.000000    0.251821    0.117814
21.333333    0.253559    0.041424
26.666667    0.278802    0.024000
32.000000    0.431966    0.288753
37.333333    0.517850    0.323131
42.666667    0.667376    0.288718
48.000000    0.670871    0.060880
53.333333    0.682154    0.000801
58.666667    0.712641    0.003328
64.000000    0.712761    0.014256
69.333333    0.708640    0.032572
74.666667    0.708361    0.042197
80.000000    0.711462    0.037151
85.333333    0.706907    0.044249
90.666667    0.701937    0.037092
96.000000    0.715192    0.140427
101.333333    0.776610    0.511809
106.666667    0.675191    0.610286
112.000000    0.668835    0.475458
117.333333    0.343875    0.248223
122.666667    0.287450    0.220449
128.000000    0.463498    0.197585
133.333333    0.158919    0.265160
138.666667    0.171848    0.049550
144.000000    0.288207    0.102403
149.333333    0.163299    0.097908
154.666667    0.203292    0.093619
160.000000    0.220668    0.121820
165.333333    0.165447    0.091180
170.666667    0.162769    0.020150
176.000000    0.205846    0.046979
181.333333    0.192368    0.047816
186.666667    0.198502    0.122123
192.000000    0.200921    0.075869
197.333333    0.317555    0.042504
202.666667    0.765184    0.179543
208.000000    0.746844    0.278224
213.333333    0.731875    0.091579
218.666667    0.728109    0.024044
224.000000    0.724239    0.013909
229.333333    0.732712    0.017097
234.666667    0.733668    0.003268
240.000000    0.735438    0.037028
245.333333    0.734748    0.061434
250.666667    0.719341    0.084856
256.000000    0.743771    0.000000
261.333333    0.742041    0.005014
266.666667    0.745923    0.015611
272.000000    0.742707    0.019293
277.333333    0.755253    0.295612
282.666667    0.781596    0.249259
288.000000    0.670927    0.537227
293.333333    0.496166    0.350518
298.666667    0.555396    0.448916
304.000000    0.614204    0.332815
309.333333    0.449984    0.354308
314.666667    0.489315    0.330966
320.000000    0.164008    0.266527
325.333333    0.159338    0.020955
330.666667    0.177491    0.044345
336.000000    0.165555    0.059712
341.333333    0.162311    0.015917
346.666667    0.154141    0.002048
352.000000    0.220158    0.068659
357.333333    0.267531    0.185956
362.666667    0.368839    0.157771
368.000000    0.574562    0.174470
373.333333    0.628372    0.237259
378.666667    0.597398    0.059900