4.666667    0.212215    0.093847
9.333333    0.286163    0.108485
14.000000    0.250084    0.113275
18.666667    0.248868    0.001766
23.333333    0.250741    0.021433
28.000000    0.322669    0.040112
32.666667    0.434716    0.288395
37.333333    0.517850    0.313052
42.000000    0.654870    0.347083
46.666667    0.659027    0.104667
51.333333    0.685306    0.105336
56.000000    0.714084    0.004001
60.666667    0.713052    0.056620
65.333333    0.709142    0.013403
70.000000    0.710187    0.050299
74.666667    0.708361    0.046222
79.333333    0.710760    0.042260
84.000000    0.704236    0.065184
88.666667    0.705950    0.033987
93.333333    0.708086    0.017324
98.000000    0.735298    0.155647
102.666667    0.750630    0.492420
107.333333    0.662825    0.488666
112.000000    0.668835    0.355141
116.666667    0.452351    0.354456
121.333333    0.300921    0.258712
126.000000    0.297780    0.280237
130.666667    0.191416    0.206070
135.333333    0.388462    0.261960
140.000000    0.169094    0.116141
144.666667    0.263331    0.061773
149.333333    0.163299    0.121154
154.000000    0.199861    0.090658
158.666667    0.162315    0.108094
163.333333    0.184087    0.108931
168.000000    0.245345    0.127017
172.666667    0.156568    0.101275
177.333333    0.290320    0.152204
182.000000    0.187697    0.092595
186.666667    0.198502    0.124956
191.333333    0.201383    0.072967
196.000000    0.210537    0.007755
200.666667    0.684728    0.213594
205.333333    0.748302    0.104499
210.000000    0.757194    0.121310
214.666667    0.726487    0.052957
219.333333    0.727929    0.003746
224.000000    0.724239    0.023151
228.666667    0.725112    0.014128
233.333333    0.736645    0.001686
238.000000    0.732724    0.023681
242.666667    0.736107    0.026658
247.333333    0.726610    0.067755
252.000000    0.719277    0.081313
256.666667    0.744018    0.011573
261.333333    0.742041    0.008325
266.000000    0.745684    0.018101
270.666667    0.743883    0.010222
275.333333    0.744289    0.053611
280.000000    0.780723    0.400028
284.666667    0.674554    0.479810
289.333333    0.664351    0.359051
294.000000    0.379842    0.241603
298.666667    0.555396    0.289881
303.333333    0.637837    0.370206
308.000000    0.516531    0.393687
312.666667    0.348537    0.275984
317.333333    0.230902    0.199908
322.000000    0.162123    0.150797
326.666667    0.158704    0.007369
331.333333    0.170078    0.024817
336.000000    0.165555    0.023490
340.666667    0.175391    0.052535
345.333333    0.154212    0.040615
350.000000    0.153830    0.000450
354.666667    0.284872    0.106141
359.333333    0.274861    0.089188
364.000000    0.387542    0.235354
368.666667    0.593811    0.131867
373.333333    0.628372    0.210733
378.000000    0.593823    0.101275