6.666667    0.253969    0.176997
13.333333    0.248757    0.112263
20.000000    0.272354    0.021485
26.666667    0.278802    0.062195
33.333333    0.436107    0.237701
40.000000    0.576889    0.226092
46.666667    0.659027    0.107688
53.333333    0.682154    0.092420
60.000000    0.713861    0.000681
66.666667    0.712693    0.009923
73.333333    0.708549    0.048422
80.000000    0.711462    0.033325
86.666667    0.707819    0.054085
93.333333    0.708086    0.040196
100.000000    0.767245    0.421353
106.666667    0.675191    0.520234
113.333333    0.633110    0.362558
120.000000    0.287406    0.271090
126.666667    0.324964    0.180141
133.333333    0.158919    0.172147
140.000000    0.169094    0.041511
146.666667    0.170791    0.028981
153.333333    0.209983    0.119576
160.000000    0.220668    0.166926
166.666667    0.167567    0.102774
173.333333    0.157022    0.028435
180.000000    0.206117    0.042882
186.666667    0.198502    0.111852
193.333333    0.218034    0.090535
200.000000    0.638825    0.118759
206.666667    0.747657    0.090957
213.333333    0.731875    0.175626
220.000000    0.725458    0.010944
226.666667    0.723804    0.011382
233.333333    0.736645    0.007429
240.000000    0.735438    0.025410
246.666667    0.732245    0.079591
253.333333    0.720967    0.058042
260.000000    0.741794    0.000566
266.666667    0.745923    0.023717
273.333333    0.744755    0.023525
280.000000    0.780723    0.385832
286.666667    0.682684    0.615925
293.333333    0.496166    0.374960
300.000000    0.478148    0.340479
306.666667    0.503985    0.177427
313.333333    0.369405    0.272776
320.000000    0.164008    0.178706
326.666667    0.158704    0.007903
333.333333    0.187135    0.060087
340.000000    0.198175    0.119197
346.666667    0.154141    0.066220
353.333333    0.253846    0.032397
360.000000    0.300598    0.212323
366.666667    0.480691    0.068699
373.333333    0.628372    0.248063
380.000000    0.595377    0.066639