2.000000    0.216539    0.103806
4.000000    0.218596    0.059756
6.000000    0.215531    0.027579
8.000000    0.273613    0.044114
10.000000    0.267575    0.169393
12.000000    0.253567    0.141308
14.000000    0.250084    0.038307
16.000000    0.251821    0.002395
18.000000    0.251088    0.016966
20.000000    0.272354    0.030568
22.000000    0.256584    0.044731
24.000000    0.266866    0.017799
26.000000    0.258214    0.026008
28.000000    0.322669    0.073577
30.000000    0.404567    0.260529
32.000000    0.431966    0.307851
34.000000    0.442153    0.281217
36.000000    0.531540    0.028097
38.000000    0.508481    0.275689
40.000000    0.576889    0.011657
42.000000    0.654870    0.044189
44.000000    0.660621    0.046860
46.000000    0.657229    0.064558
48.000000    0.670871    0.088052
50.000000    0.679149    0.106050
52.000000    0.687733    0.002439
54.000000    0.683361    0.002196
56.000000    0.714084    0.000857
58.000000    0.712402    0.059796
60.000000    0.713861    0.028591
62.000000    0.713506    0.005958
64.000000    0.712761    0.010473
66.000000    0.710944    0.010087
68.000000    0.711159    0.040419
70.000000    0.710187    0.028941
72.000000    0.710418    0.027543
74.000000    0.706070    0.030950
76.000000    0.710808    0.023310
78.000000    0.706241    0.045692
80.000000    0.711462    0.040248
82.000000    0.710274    0.026945
84.000000    0.704236    0.049267
86.000000    0.707062    0.015112
88.000000    0.705368    0.035896
90.000000    0.705452    0.025964
92.000000    0.707409    0.028021
94.000000    0.707118    0.020006
96.000000    0.715192    0.128479
98.000000    0.735298    0.189112
100.000000    0.767245    0.461075
102.000000    0.747764    0.418922
104.000000    0.692966    0.360800
106.000000    0.724386    0.224554
108.000000    0.653607    0.237247
110.000000    0.590770    0.346461
112.000000    0.668835    0.475893
114.000000    0.603766    0.439535
116.000000    0.517233    0.361019
118.000000    0.335852    0.400414
120.000000    0.287406    0.236000
122.000000    0.267970    0.275136
124.000000    0.232504    0.216699
126.000000    0.297780    0.266196
128.000000    0.463498    0.378168
130.000000    0.212829    0.316304
132.000000    0.163582    0.117946
134.000000    0.293488    0.082899
136.000000    0.332253    0.232991
138.000000    0.188439    0.211637
140.000000    0.169094    0.030197
142.000000    0.540794    0.151618
144.000000    0.288207    0.239981
146.000000    0.183485    0.120847
148.000000    0.163630    0.078762
150.000000    0.163299    0.041567
152.000000    0.246047    0.145815
154.000000    0.199861    0.143205
156.000000    0.169385    0.088522
158.000000    0.165192    0.063407
160.000000    0.220668    0.032508
162.000000    0.157995    0.076726
164.000000    0.173254    0.034908
166.000000    0.171844    0.045126
168.000000    0.245345    0.092081
170.000000    0.179731    0.142396
172.000000    0.157955    0.056078
174.000000    0.156843    0.001849
176.000000    0.205846    0.042918
178.000000    0.228252    0.086099
180.000000    0.206117    0.100945
182.000000    0.187697    0.088411
184.000000    0.226339    0.121397
186.000000    0.203184    0.140822
188.000000    0.200116    0.107198
190.000000    0.199183    0.005129
192.000000    0.200921    0.017599
194.000000    0.212853    0.042882
196.000000    0.210537    0.026825
198.000000    0.396023    0.030229
200.000000    0.638825    0.198964
202.000000    0.729320    0.044951
204.000000    0.794903    0.202064
206.000000    0.755715    0.186757
208.000000    0.746844    0.163706
210.000000    0.757194    0.069600
212.000000    0.742117    0.028786
214.000000    0.724681    0.045899
216.000000    0.724267    0.007122
218.000000    0.727563    0.007508
220.000000    0.725458    0.022390
222.000000    0.725582    0.015754
224.000000    0.724239    0.017432
226.000000    0.725323    0.011900
228.000000    0.723884    0.011219
230.000000    0.733700    0.001777
232.000000    0.735147    0.000498
234.000000    0.733441    0.011346
236.000000    0.733050    0.007453
238.000000    0.732724    0.029914
240.000000    0.735438    0.038335
242.000000    0.735545    0.015814
244.000000    0.738518    0.005029
246.000000    0.736522    0.019305
248.000000    0.722501    0.066571
250.000000    0.717822    0.055958
252.000000    0.719277    0.007469
254.000000    0.725044    0.000590
256.000000    0.743771    0.001877
258.000000    0.740363    0.016802
260.000000    0.741794    0.020090
262.000000    0.742547    0.026216
264.000000    0.746174    0.014710
266.000000    0.745684    0.022202
268.000000    0.745289    0.020214
270.000000    0.744743    0.025052
272.000000    0.742707    0.005942
274.000000    0.742918    0.049143
276.000000    0.745516    0.202005
278.000000    0.759971    0.258545
280.000000    0.780723    0.308393
282.000000    0.775709    0.470668
284.000000    0.707628    0.319931
286.000000    0.717719    0.433740
288.000000    0.670927    0.481911
290.000000    0.635007    0.284760
292.000000    0.584258    0.506349
294.000000    0.379842    0.312713
296.000000    0.445150    0.372007
298.000000    0.469771    0.451558
300.000000    0.478148    0.259489
302.000000    0.726391    0.265933
304.000000    0.614204    0.438020
306.000000    0.439156    0.317643
308.000000    0.516531    0.266814
310.000000    0.410561    0.279145
312.000000    0.347493    0.253180
314.000000    0.398585    0.273227
316.000000    0.369971    0.248765
318.000000    0.202614    0.237622
320.000000    0.164008    0.101897
322.000000    0.162123    0.034099
324.000000    0.160438    0.033923
326.000000    0.158919    0.026064
328.000000    0.173960    0.010633
330.000000    0.204531    0.082166
332.000000    0.225414    0.123521
334.000000    0.173816    0.115395
336.000000    0.165555    0.040543
338.000000    0.376558    0.184752
340.000000    0.198175    0.208652
342.000000    0.155839    0.061490
344.000000    0.153818    0.000000
346.000000    0.153742    0.000000
348.000000    0.154487    0.000733
350.000000    0.153830    0.003698
352.000000    0.220158    0.070815
354.000000    0.312785    0.179025
356.000000    0.257632    0.116595
358.000000    0.323282    0.225996
360.000000    0.300598    0.189989
362.000000    0.345931    0.037478
364.000000    0.387542    0.230137
366.000000    0.439471    0.213558
368.000000    0.574562    0.127033
370.000000    0.663666    0.143392
372.000000    0.660936    0.123366
374.000000    0.635326    0.150984
376.000000    0.599123    0.059055
378.000000    0.593823    0.041192
380.000000    0.595377    0.000000
382.000000    0.597960    0.006532