1.333333    0.229675    0.094871
2.666667    0.229113    0.109051
4.000000    0.218596    0.059393
5.333333    0.211868    0.013961
6.666667    0.253969    0.094516
8.000000    0.273613    0.119923
9.333333    0.286163    0.166049
10.666667    0.257357    0.125442
12.000000    0.253567    0.099988
13.333333    0.248757    0.020417
14.666667    0.250430    0.001742
16.000000    0.251821    0.002104
17.333333    0.252738    0.017304
18.666667    0.248868    0.001108
20.000000    0.272354    0.007664
21.333333    0.253559    0.035031
22.666667    0.256317    0.009908
24.000000    0.266866    0.017416
25.333333    0.263574    0.003922
26.666667    0.278802    0.044432
28.000000    0.322669    0.085972
29.333333    0.394715    0.230579
30.666667    0.422920    0.251263
32.000000    0.431966    0.253527
33.333333    0.436107    0.295592
34.666667    0.488040    0.022119
36.000000    0.531540    0.051343
37.333333    0.517850    0.107046
38.666667    0.507604    0.095520
40.000000    0.576889    0.011948
41.333333    0.646648    0.041818
42.666667    0.667376    0.107010
44.000000    0.660621    0.033792
45.333333    0.659146    0.052842
46.666667    0.659027    0.100725
48.000000    0.670871    0.105922
49.333333    0.673872    0.081827
50.666667    0.681385    0.003455
52.000000    0.687733    0.002168
53.333333    0.682154    0.001578
54.666667    0.701132    0.001714
56.000000    0.714084    0.036502
57.333333    0.714782    0.039654
58.666667    0.712641    0.026730
60.000000    0.713861    0.020102
61.333333    0.713969    0.006703
62.666667    0.714367    0.023083
64.000000    0.712761    0.014574
65.333333    0.709142    0.010561
66.666667    0.712693    0.019225
68.000000    0.711159    0.041862
69.333333    0.708640    0.036155
70.666667    0.708493    0.042161
72.000000    0.710418    0.024263
73.333333    0.708549    0.010681
74.666667    0.708361    0.023274
76.000000    0.710808    0.034529
77.333333    0.706552    0.056719
78.666667    0.706177    0.028611
80.000000    0.711462    0.032321
81.333333    0.710549    0.033843
82.666667    0.705942    0.041085
84.000000    0.704236    0.066380
85.333333    0.706907    0.021393
86.666667    0.707819    0.026160
88.000000    0.705368    0.045357
89.333333    0.703563    0.014901
90.666667    0.701937    0.034836
92.000000    0.707409    0.018432
93.333333    0.708086    0.014670
94.666667    0.708636    0.012446
96.000000    0.715192    0.140463
97.333333    0.726977    0.292001
98.666667    0.747975    0.480811
100.000000    0.767245    0.575239
101.333333    0.776610    0.554448
102.666667    0.750630    0.587283
104.000000    0.692966    0.416356
105.333333    0.743181    0.139032
106.666667    0.675191    0.322991
108.000000    0.653607    0.447015
109.333333    0.616742    0.446238
110.666667    0.623665    0.316858
112.000000    0.668835    0.439897
113.333333    0.633110    0.268018
114.666667    0.611657    0.351694
116.000000    0.517233    0.221517
117.333333    0.343875    0.296349
118.666667    0.382042    0.208632
120.000000    0.287406    0.307002
121.333333    0.300921    0.238100
122.666667    0.287450    0.284150
124.000000    0.232504    0.169225
125.333333    0.275084    0.204659
126.666667    0.324964    0.109780
128.000000    0.463498    0.329507
129.333333    0.242524    0.371039
130.666667    0.191416    0.140328
132.000000    0.163582    0.077064
133.333333    0.158919    0.068436
134.666667    0.312729    0.185756
136.000000    0.332253    0.265846
137.333333    0.196740    0.188000
138.666667    0.171848    0.087247
140.000000    0.169094    0.030990
141.333333    0.402375    0.155197
142.666667    0.582919    0.265491
144.000000    0.288207    0.227395
145.333333    0.204372    0.103459
146.666667    0.170791    0.099458
148.000000    0.163630    0.060039
149.333333    0.163299    0.034549
150.666667    0.163203    0.040678
152.000000    0.246047    0.139307
153.333333    0.209983    0.154396
154.666667    0.203292    0.091742
156.000000    0.169385    0.057345
157.333333    0.172123    0.096238
158.666667    0.162315    0.055392
160.000000    0.220668    0.087319
161.333333    0.170098    0.090965
162.666667    0.197135    0.039670
164.000000    0.173254    0.044452
165.333333    0.165447    0.050570
166.666667    0.167567    0.043432
168.000000    0.245345    0.096636
169.333333    0.186458    0.158879
170.666667    0.162769    0.083708
172.000000    0.157955    0.005627
173.333333    0.157022    0.000279
174.666667    0.157110    0.002268
176.000000    0.205846    0.044353
177.333333    0.290320    0.134154
178.666667    0.212167    0.142587
180.000000    0.206117    0.136896
181.333333    0.192368    0.068783
182.666667    0.218835    0.082154
184.000000    0.226339    0.141599
185.333333    0.211298    0.120297
186.666667    0.198502    0.106082
188.000000    0.200116    0.074753
189.333333    0.198984    0.014120
190.666667    0.198147    0.008975
192.000000    0.200921    0.017276
193.333333    0.218034    0.033329
194.666667    0.212143    0.052088
196.000000    0.210537    0.016248
197.333333    0.317555    0.055962
198.666667    0.463749    0.094879
200.000000    0.638825    0.175905
201.333333    0.719596    0.090435
202.666667    0.765184    0.322940
204.000000    0.794903    0.139455
205.333333    0.748302    0.155029
206.666667    0.747657    0.165017
208.000000    0.746844    0.157421
209.333333    0.755520    0.076339
210.666667    0.748135    0.026315
212.000000    0.742117    0.040288
213.333333    0.731875    0.042575
214.666667    0.726487    0.009437
216.000000    0.724267    0.013714
217.333333    0.727527    0.009106
218.666667    0.728109    0.020222
220.000000    0.725458    0.011019
221.333333    0.725534    0.015535
222.666667    0.721035    0.020238
224.000000    0.724239    0.020708
225.333333    0.726929    0.014240
226.666667    0.723804    0.017225
228.000000    0.723884    0.008094
229.333333    0.732712    0.003304
230.666667    0.735187    0.000566
232.000000    0.735147    0.004623
233.333333    0.736645    0.013339
234.666667    0.733668    0.010469
236.000000    0.733050    0.019245
237.333333    0.735210    0.022836
238.666667    0.733995    0.013454
240.000000    0.735438    0.035561
241.333333    0.735214    0.056699
242.666667    0.736107    0.005137
244.000000    0.738518    0.009154
245.333333    0.734748    0.013100
246.666667    0.732245    0.049940
248.000000    0.722501    0.072641
249.333333    0.717583    0.052921
250.666667    0.719341    0.088614
252.000000    0.719277    0.004547
253.333333    0.720967    0.000076
254.666667    0.741240    0.001132
256.000000    0.743771    0.009178
257.333333    0.742930    0.017025
258.666667    0.743512    0.004699
260.000000    0.741794    0.023011
261.333333    0.742041    0.027941
262.666667    0.742504    0.021971
264.000000    0.746174    0.032728
265.333333    0.744245    0.038765
266.666667    0.745923    0.026164
268.000000    0.745289    0.021776
269.333333    0.745604    0.013287
270.666667    0.743883    0.005623
272.000000    0.742707    0.017324
273.333333    0.744755    0.036793
274.666667    0.741388    0.059660
276.000000    0.745516    0.202236
277.333333    0.755253    0.275203
278.666667    0.766834    0.321146
280.000000    0.780723    0.152702
281.333333    0.798306    0.531165
282.666667    0.781596    0.577531
284.000000    0.707628    0.286888
285.333333    0.691894    0.443576
286.666667    0.682684    0.402435
288.000000    0.670927    0.319114
289.333333    0.664351    0.166300
290.666667    0.587944    0.318691
292.000000    0.584258    0.401140
293.333333    0.496166    0.487099
294.666667    0.413837    0.381281
296.000000    0.445150    0.385920
297.333333    0.431707    0.456213
298.666667    0.555396    0.313291
300.000000    0.478148    0.379452
301.333333    0.658142    0.251323
302.666667    0.672414    0.394436
304.000000    0.614204    0.472609
305.333333    0.438733    0.368894
306.666667    0.503985    0.309481
308.000000    0.516531    0.270851
309.333333    0.449984    0.304348
310.666667    0.441842    0.324075
312.000000    0.347493    0.254276
313.333333    0.369405    0.221780
314.666667    0.489315    0.305432
316.000000    0.369971    0.372178
317.333333    0.230902    0.295983
318.666667    0.185780    0.183130
320.000000    0.164008    0.049307
321.333333    0.161621    0.023988
322.666667    0.161561    0.016455
324.000000    0.160438    0.034971
325.333333    0.159338    0.025311
326.666667    0.158704    0.001662
328.000000    0.173960    0.010956
329.333333    0.247374    0.090092
330.666667    0.177491    0.145094
332.000000    0.225414    0.139319
333.333333    0.187135    0.153898
334.666667    0.163088    0.090443
336.000000    0.165555    0.010629
337.333333    0.281468    0.065854
338.666667    0.409071    0.270202
340.000000    0.198175    0.240184
341.333333    0.162311    0.060581
342.666667    0.153934    0.001722
344.000000    0.153818    0.000000
345.333333    0.154212    0.000000
346.666667    0.154141    0.000000
348.000000    0.154487    0.020329
349.333333    0.154579    0.004033
350.666667    0.154153    0.000000
352.000000    0.220158    0.003240
353.333333    0.253846    0.102029
354.666667    0.284872    0.153710
356.000000    0.257632    0.095716
357.333333    0.267531    0.160342
358.666667    0.294197    0.180265
360.000000    0.300598    0.174307
361.333333    0.320309    0.077682
362.666667    0.368839    0.140933
364.000000    0.387542    0.257417
365.333333    0.412781    0.192077
366.666667    0.480691    0.214622
368.000000    0.574562    0.171489
369.333333    0.638331    0.085808
370.666667    0.674227    0.036043
372.000000    0.660936    0.074032
373.333333    0.628372    0.177029
374.666667    0.637761    0.094464
376.000000    0.599123    0.047378
377.333333    0.590124    0.020947
378.666667    0.597398    0.000418
380.000000    0.595377    0.000088
381.333333    0.597928    0.005823