0.666667    0.206536    0.068257
1.333333    0.229675    0.050757
2.000000    0.216539    0.078268
2.666667    0.229113    0.086386
3.333333    0.222147    0.055815
4.000000    0.218596    0.044815
4.666667    0.212215    0.022928
5.333333    0.211868    0.041483
6.000000    0.215531    0.033883
6.666667    0.253969    0.054145
7.333333    0.258568    0.105249
8.000000    0.273613    0.100968
8.666667    0.283357    0.127160
9.333333    0.286163    0.190567
10.000000    0.267575    0.118337
10.666667    0.257357    0.103898
11.333333    0.255595    0.083832
12.000000    0.253567    0.069022
12.666667    0.249514    0.013486
13.333333    0.248757    0.004487
14.000000    0.250084    0.005779
14.666667    0.250430    0.000279
15.333333    0.250992    0.000056
16.000000    0.251821    0.006078
16.666667    0.248721    0.011785
17.333333    0.252738    0.007951
18.000000    0.251088    0.013375
18.666667    0.248868    0.004388
19.333333    0.259860    0.004141
20.000000    0.272354    0.018129
20.666667    0.256743    0.019723
21.333333    0.253559    0.013339
22.000000    0.256584    0.007504
22.666667    0.256317    0.011888
23.333333    0.250741    0.004567
24.000000    0.266866    0.011884
24.666667    0.269094    0.025187
25.333333    0.263574    0.027606
26.000000    0.258214    0.022366
26.666667    0.278802    0.030886
27.333333    0.290248    0.058867
28.000000    0.322669    0.100781
28.666667    0.366109    0.136278
29.333333    0.394715    0.199888
30.000000    0.404567    0.215806
30.666667    0.422920    0.262657
31.333333    0.430890    0.324817
32.000000    0.431966    0.314590
32.666667    0.434716    0.244154
33.333333    0.436107    0.066344
34.000000    0.442153    0.004332
34.666667    0.488040    0.035418
35.333333    0.524717    0.076387
36.000000    0.531540    0.110804
36.666667    0.524801    0.092886
37.333333    0.517850    0.067149
38.000000    0.508481    0.069385
38.666667    0.507604    0.000000
39.333333    0.519014    0.006293
40.000000    0.576889    0.034114
40.666667    0.619935    0.026243
41.333333    0.646648    0.054882
42.000000    0.654870    0.066575
42.666667    0.667376    0.029464
43.333333    0.671963    0.032221
44.000000    0.660621    0.047748
44.666667    0.660210    0.060685
45.333333    0.659146    0.070062
46.000000    0.657229    0.056927
46.666667    0.659027    0.087247
47.333333    0.663945    0.074864
48.000000    0.670871    0.100781
48.666667    0.671919    0.071469
49.333333    0.673872    0.004854
50.000000    0.679149    0.008461
50.666667    0.681385    0.003722
51.333333    0.685306    0.002060
52.000000    0.687733    0.003049
52.666667    0.688275    0.003396
53.333333    0.682154    0.001235
54.000000    0.683361    0.000000
54.666667    0.701132    0.000650
55.333333    0.710533    0.023119
56.000000    0.714084    0.024681
56.666667    0.714140    0.031552
57.333333    0.714782    0.032209
58.000000    0.712402    0.026801
58.666667    0.712641    0.028029
59.333333    0.712857    0.006827
60.000000    0.713861    0.005575
60.666667    0.713052    0.008839
61.333333    0.713969    0.016440
62.000000    0.713506    0.039718
62.666667    0.714367    0.021971
63.333333    0.713993    0.036832
64.000000    0.712761    0.009027
64.666667    0.713112    0.003228
65.333333    0.709142    0.021860
66.000000    0.710944    0.025642
66.666667    0.712693    0.013140
67.333333    0.709971    0.041037
68.000000    0.711159    0.024442
68.666667    0.710980    0.018149
69.333333    0.708640    0.022222
70.000000    0.710187    0.031500
70.666667    0.708493    0.034828
71.333333    0.709393    0.017966
72.000000    0.710418    0.026080
72.666667    0.707377    0.029886
73.333333    0.708549    0.019472
74.000000    0.706070    0.035023
74.666667    0.708361    0.027634
75.333333    0.707999    0.039100
76.000000    0.710808    0.041005
76.666667    0.707648    0.024024
77.333333    0.706552    0.030205
78.000000    0.706241    0.030631
78.666667    0.706177    0.027419
79.333333    0.710760    0.045851
80.000000    0.711462    0.022936
80.666667    0.708895    0.023231
81.333333    0.710549    0.029615
82.000000    0.710274    0.028870
82.666667    0.705942    0.063136
83.333333    0.707389    0.057496
84.000000    0.704236    0.053615
84.666667    0.705396    0.042037
85.333333    0.706907    0.036960
86.000000    0.707062    0.038977
86.666667    0.707819    0.040981
87.333333    0.705623    0.039511
88.000000    0.705368    0.038371
88.666667    0.705950    0.019739
89.333333    0.703563    0.017520
90.000000    0.705452    0.019373
90.666667    0.701937    0.020082
91.333333    0.705404    0.016595
92.000000    0.707409    0.032807
92.666667    0.705595    0.021581
93.333333    0.708086    0.019042
94.000000    0.707118    0.011661
94.666667    0.708636    0.008325
95.333333    0.712729    0.008525
96.000000    0.715192    0.098215
96.666667    0.721971    0.163981
97.333333    0.726977    0.227969
98.000000    0.735298    0.012438
98.666667    0.747975    0.434553
99.333333    0.758883    0.467571
100.000000    0.767245    0.497027
100.666667    0.771788    0.511498
101.333333    0.776610    0.497214
102.000000    0.747764    0.533026
102.666667    0.750630    0.522928
103.333333    0.734059    0.400442
104.000000    0.692966    0.001606
104.666667    0.706221    0.209860
105.333333    0.743181    0.262147
106.000000    0.724386    0.490264
106.666667    0.675191    0.403228
107.333333    0.662825    0.418089
108.000000    0.653607    0.388526
108.666667    0.661111    0.423665
109.333333    0.616742    0.304392
110.000000    0.590770    0.273123
110.666667    0.623665    0.282971
111.333333    0.659609    0.438881
112.000000    0.668835    0.226901
112.666667    0.678938    0.342264
113.333333    0.633110    0.276411
114.000000    0.603766    0.359708
114.666667    0.611657    0.357389
115.333333    0.635067    0.375590
116.000000    0.517233    0.403643
116.666667    0.452351    0.381002
117.333333    0.343875    0.247732
118.000000    0.335852    0.240491
118.666667    0.382042    0.324570
119.333333    0.332636    0.344978
120.000000    0.287406    0.293440
120.666667    0.320365    0.283046
121.333333    0.300921    0.269460
122.000000    0.267970    0.266962
122.666667    0.287450    0.262602
123.333333    0.268329    0.242033
124.000000    0.232504    0.208389
124.666667    0.253850    0.237418
125.333333    0.275084    0.217818
126.000000    0.297780    0.328447
126.666667    0.324964    0.233254
127.333333    0.492193    0.348517
128.000000    0.463498    0.481106
128.666667    0.308584    0.343500
129.333333    0.242524    0.222629
130.000000    0.212829    0.188698
130.666667    0.191416    0.139072
131.333333    0.166974    0.101698
132.000000    0.163582    0.065806
132.666667    0.161633    0.059190
133.333333    0.158919    0.060609
134.000000    0.293488    0.100375
134.666667    0.312729    0.145030
135.333333    0.388462    0.245704
136.000000    0.332253    0.257305
136.666667    0.241918    0.199574
137.333333    0.196740    0.124354
138.000000    0.188439    0.084987
138.666667    0.171848    0.050825
139.333333    0.169217    0.032632
140.000000    0.169094    0.022884
140.666667    0.247963    0.041591
141.333333    0.402375    0.136697
142.000000    0.540794    0.194436
142.666667    0.582919    0.275809
143.333333    0.474486    0.274861
144.000000    0.288207    0.148697
144.666667    0.263331    0.128579
145.333333    0.204372    0.147577
146.000000    0.183485    0.091188
146.666667    0.170791    0.080839
147.333333    0.161988    0.054858
148.000000    0.163630    0.042994
148.666667    0.163295    0.038797
149.333333    0.163299    0.038331
150.000000    0.163299    0.040678
150.666667    0.163203    0.037259
151.333333    0.163538    0.016384
152.000000    0.246047    0.114622
152.666667    0.244421    0.163028
153.333333    0.209983    0.116989
154.000000    0.199861    0.112243
154.666667    0.203292    0.121844
155.333333    0.178607    0.077268
156.000000    0.169385    0.085497
156.666667    0.163877    0.071887
157.333333    0.172123    0.052822
158.000000    0.165192    0.039742
158.666667    0.162315    0.008469
159.333333    0.210952    0.026662
160.000000    0.220668    0.077710
160.666667    0.179332    0.097477
161.333333    0.170098    0.052132
162.000000    0.157995    0.010621
162.666667    0.197135    0.034326
163.333333    0.184087    0.090296
164.000000    0.173254    0.096114
164.666667    0.166655    0.069879
165.333333    0.165447    0.012227
166.000000    0.171844    0.023888
166.666667    0.167567    0.047760
167.333333    0.162968    0.024653
168.000000    0.245345    0.059943
168.666667    0.227722    0.166499
169.333333    0.186458    0.106620
170.000000    0.179731    0.084800
170.666667    0.162769    0.047740
171.333333    0.157090    0.005157
172.000000    0.157955    0.001582
172.666667    0.156568    0.000155
173.333333    0.157022    0.000000
174.000000    0.156843    0.001000
174.666667    0.157110    0.000000
175.333333    0.172445    0.007066
176.000000    0.205846    0.053228
176.666667    0.292464    0.112107
177.333333    0.290320    0.183022
178.000000    0.228252    0.133409
178.666667    0.212167    0.131357
179.333333    0.242041    0.150371
180.000000    0.206117    0.115870
180.666667    0.196856    0.074769
181.333333    0.192368    0.066974
182.000000    0.187697    0.069711
182.666667    0.218835    0.048844
183.333333    0.222840    0.097294
184.000000    0.226339    0.104045
184.666667    0.218600    0.128372
185.333333    0.211298    0.116603
186.000000    0.203184    0.111757
186.666667    0.198502    0.088626
187.333333    0.198832    0.069058
188.000000    0.200116    0.011466
188.666667    0.200080    0.009680
189.333333    0.198984    0.016946
190.000000    0.199183    0.011920
190.666667    0.198147    0.011454
191.333333    0.201383    0.011749
192.000000    0.200921    0.014032
192.666667    0.217524    0.034776
193.333333    0.218034    0.055735
194.000000    0.212853    0.054507
194.666667    0.212143    0.055408
195.333333    0.211773    0.052758
196.000000    0.210537    0.049402
196.666667    0.226136    0.008800
197.333333    0.317555    0.064953
198.000000    0.396023    0.079950
198.666667    0.463749    0.122971
199.333333    0.542818    0.126726
200.000000    0.638825    0.039869
200.666667    0.684728    0.145433
201.333333    0.719596    0.136450
202.000000    0.729320    0.225227
202.666667    0.765184    0.262024
203.333333    0.780285    0.192643
204.000000    0.794903    0.146174
204.666667    0.785685    0.101455
205.333333    0.748302    0.095413
206.000000    0.755715    0.123792
206.666667    0.747657    0.132341
207.333333    0.744998    0.154476
208.000000    0.746844    0.126347
208.666667    0.751004    0.065160
209.333333    0.755520    0.022079
210.000000    0.757194    0.022557
210.666667    0.748135    0.025809
211.333333    0.745847    0.040886
212.000000    0.742117    0.037462
212.666667    0.737319    0.038981
213.333333    0.731875    0.039148
214.000000    0.724681    0.042994
214.666667    0.726487    0.001754
215.333333    0.726586    0.000275
216.000000    0.724267    0.009381
216.666667    0.723422    0.016718
217.333333    0.727527    0.008278
218.000000    0.727563    0.008258
218.666667    0.728109    0.014550
219.333333    0.727929    0.014204
220.000000    0.725458    0.010896
220.666667    0.724785    0.004723
221.333333    0.725534    0.012255
222.000000    0.725582    0.033477
222.666667    0.721035    0.047971
223.333333    0.721258    0.022772
224.000000    0.724239    0.034362
224.666667    0.724550    0.035450
225.333333    0.726929    0.029081
226.000000    0.725323    0.022194
226.666667    0.723804    0.022700
227.333333    0.723494    0.015822
228.000000    0.723884    0.008995
228.666667    0.725112    0.001000
229.333333    0.732712    0.001056
230.000000    0.733700    0.000359
230.666667    0.735187    0.000175
231.333333    0.734939    0.005440
232.000000    0.735147    0.014682
232.666667    0.734441    0.019393
233.333333    0.736645    0.009493
234.000000    0.733441    0.005970
234.666667    0.733668    0.002296
235.333333    0.734517    0.010370
236.000000    0.733050    0.013494
236.666667    0.735681    0.003332
237.333333    0.735210    0.017053
238.000000    0.732724    0.022649
238.666667    0.733995    0.021648
239.333333    0.735932    0.020604
240.000000    0.735438    0.072039
240.666667    0.736107    0.013020
241.333333    0.735214    0.024087
242.000000    0.735545    0.007022
242.666667    0.736107    0.007855
243.333333    0.736789    0.011027
244.000000    0.738518    0.005564
244.666667    0.734852    0.013351
245.333333    0.734748    0.042826
246.000000    0.736522    0.031460
246.666667    0.732245    0.056058
247.333333    0.726610    0.058549
248.000000    0.722501    0.059298
248.666667    0.715802    0.057265
249.333333    0.717583    0.048039
250.000000    0.717822    0.088124
250.666667    0.719341    0.070393
251.333333    0.715806    0.019361
252.000000    0.719277    0.007397
252.666667    0.722756    0.000000
253.333333    0.720967    0.000498
254.000000    0.725044    0.000016
254.666667    0.741240    0.003415
255.333333    0.743026    0.001204
256.000000    0.743771    0.003730
256.666667    0.744018    0.004515
257.333333    0.742930    0.004280
258.000000    0.740363    0.014511
258.666667    0.743512    0.027598
259.333333    0.741898    0.029699
260.000000    0.741794    0.011713
260.666667    0.744855    0.020843
261.333333    0.742041    0.025235
262.000000    0.742547    0.010390
262.666667    0.742504    0.012107
263.333333    0.745676    0.026626
264.000000    0.746174    0.040929
264.666667    0.744576    0.030930
265.333333    0.744245    0.022896
266.000000    0.745684    0.023127
266.666667    0.745923    0.009553
267.333333    0.744998    0.008090
268.000000    0.745289    0.014973
268.666667    0.743711    0.011087
269.333333    0.745604    0.007293
270.000000    0.744743    0.008963
270.666667    0.743883    0.011585
271.333333    0.740611    0.026483
272.000000    0.742707    0.026411
272.666667    0.742715    0.033529
273.333333    0.744755    0.037247
274.000000    0.742918    0.043763
274.666667    0.741388    0.033341
275.333333    0.744289    0.017480
276.000000    0.745516    0.164375
276.666667    0.750239    0.148669
277.333333    0.755253    0.184290
278.000000    0.759971    0.287841
278.666667    0.766834    0.177563
279.333333    0.771493    0.085322
280.000000    0.780723    0.350681
280.666667    0.789000    0.461418
281.333333    0.798306    0.547704
282.000000    0.775709    0.530799
282.666667    0.781596    0.571413
283.333333    0.752726    0.507273
284.000000    0.707628    0.379081
284.666667    0.674554    0.398689
285.333333    0.691894    0.358122
286.000000    0.717719    0.393982
286.666667    0.682684    0.555109
287.333333    0.689574    0.505476
288.000000    0.670927    0.505352
288.666667    0.662518    0.516240
289.333333    0.664351    0.538359
290.000000    0.635007    0.514212
290.666667    0.587944    0.414570
291.333333    0.601371    0.323007
292.000000    0.584258    0.442795
292.666667    0.526060    0.473641
293.333333    0.496166    0.434764
294.000000    0.379842    0.288857
294.666667    0.413837    0.311621
295.333333    0.480420    0.368026
296.000000    0.445150    0.442296
296.666667    0.424418    0.347756
297.333333    0.431707    0.390308
298.000000    0.469771    0.241910
298.666667    0.555396    0.377471
299.333333    0.552375    0.376662
300.000000    0.478148    0.344221
300.666667    0.550291    0.280069
301.333333    0.658142    0.334230
302.000000    0.726391    0.329826
302.666667    0.672414    0.428280
303.333333    0.637837    0.440626
304.000000    0.614204    0.451694
304.666667    0.470919    0.415120
305.333333    0.438733    0.399550
306.000000    0.439156    0.296732
306.666667    0.503985    0.281305
307.333333    0.546166    0.383477
308.000000    0.516531    0.366993
308.666667    0.413064    0.322573
309.333333    0.449984    0.323482
310.000000    0.410561    0.311876
310.666667    0.441842    0.285310
311.333333    0.451881    0.301762
312.000000    0.347493    0.210776
312.666667    0.348537    0.257855
313.333333    0.369405    0.242165
314.000000    0.398585    0.276200
314.666667    0.489315    0.255488
315.333333    0.510609    0.446035
316.000000    0.369971    0.351295
316.666667    0.303663    0.245871
317.333333    0.230902    0.210234
318.000000    0.202614    0.174621
318.666667    0.185780    0.109652
319.333333    0.168568    0.056476
320.000000    0.164008    0.029332
320.666667    0.163570    0.021082
321.333333    0.161621    0.016224
322.000000    0.162123    0.011330
322.666667    0.161561    0.028718
323.333333    0.161342    0.022075
324.000000    0.160438    0.012203
324.666667    0.160374    0.003152
325.333333    0.159338    0.008804
326.000000    0.158919    0.002025
326.666667    0.158704    0.000000
327.333333    0.157656    0.003882
328.000000    0.173960    0.012809
328.666667    0.198505    0.046138
329.333333    0.247374    0.112885
330.000000    0.204531    0.163761
330.666667    0.177491    0.098298
331.333333    0.170078    0.052395
332.000000    0.225414    0.092340
332.666667    0.218552    0.174546
333.333333    0.187135    0.099470
334.000000    0.173816    0.103910
334.666667    0.163088    0.037398
335.333333    0.175841    0.026574
336.000000    0.165555    0.031161
336.666667    0.169142    0.014706
337.333333    0.281468    0.076586
338.000000    0.376558    0.171497
338.666667    0.409071    0.221043
339.333333    0.254727    0.239722
340.000000    0.198175    0.102834
340.666667    0.175391    0.060824
341.333333    0.162311    0.046740
342.000000    0.155839    0.008752
342.666667    0.153934    0.000000
343.333333    0.154001    0.000000
344.000000    0.153818    0.000000
344.666667    0.154161    0.000000
345.333333    0.154212    0.000000
346.000000    0.153742    0.000000
346.666667    0.154141    0.000399
347.333333    0.154559    0.010577
348.000000    0.154487    0.024996
348.666667    0.154651    0.005779
349.333333    0.154579    0.000207
350.000000    0.153830    0.000195
350.666667    0.154153    0.000000
351.333333    0.222880    0.002766
352.000000    0.220158    0.087733
352.666667    0.198553    0.073023
353.333333    0.253846    0.041754
354.000000    0.312785    0.148219
354.666667    0.284872    0.061972
355.333333    0.256448    0.060242
356.000000    0.257632    0.039503
356.666667    0.273605    0.135748
357.333333    0.267531    0.124215
358.000000    0.323282    0.188311
358.666667    0.294197    0.206608
359.333333    0.274861    0.170505
360.000000    0.300598    0.057373
360.666667    0.322322    0.026841
361.333333    0.320309    0.105217
362.000000    0.345931    0.110019
362.666667    0.368839    0.141272
363.333333    0.378559    0.152180
364.000000    0.387542    0.219564
364.666667    0.400877    0.225821
365.333333    0.412781    0.144743
366.000000    0.439471    0.170469
366.666667    0.480691    0.216631
367.333333    0.545170    0.178930
368.000000    0.574562    0.043735
368.666667    0.593811    0.045740
369.333333    0.638331    0.066503
370.000000    0.663666    0.099434
370.666667    0.674227    0.083381
371.333333    0.675813    0.118006
372.000000    0.660936    0.083640
372.666667    0.627539    0.094209
373.333333    0.628372    0.049633
374.000000    0.635326    0.080061
374.666667    0.637761    0.050434
375.333333    0.624693    0.060446
376.000000    0.599123    0.029866
376.666667    0.597469    0.016005
377.333333    0.590124    0.029539
378.000000    0.593823    0.000000
378.666667    0.597398    0.000351
379.333333    0.597210    0.003324
380.000000    0.595377    0.002487
380.666667    0.592846    0.011852
381.333333    0.597928    0.002594
382.000000    0.597960    0.007616