6.000000    0.215531    0.120732
12.000000    0.253567    0.086605
18.000000    0.251088    0.021270
24.000000    0.266866    0.043679
30.000000    0.404567    0.054523
36.000000    0.531540    0.329240
42.000000    0.654870    0.350713
48.000000    0.670871    0.095026
54.000000    0.683361    0.001212
60.000000    0.713861    0.000745
66.000000    0.710944    0.006253
72.000000    0.710418    0.031572
78.000000    0.706241    0.035601
84.000000    0.704236    0.038299
90.000000    0.705452    0.013152
96.000000    0.715192    0.144233
102.000000    0.747764    0.583094
108.000000    0.653607    0.517607
114.000000    0.603766    0.374964
120.000000    0.287406    0.182233
126.000000    0.297780    0.255611
132.000000    0.163582    0.211661
138.000000    0.188439    0.053591
144.000000    0.288207    0.118783
150.000000    0.163299    0.092372
156.000000    0.169385    0.044142
162.000000    0.157995    0.062036
168.000000    0.245345    0.075681
174.000000    0.156843    0.099346
180.000000    0.206117    0.045178
186.000000    0.203184    0.101546
192.000000    0.200921    0.103587
198.000000    0.396023    0.039060
204.000000    0.794903    0.212219
210.000000    0.757194    0.203945
216.000000    0.724267    0.047597
222.000000    0.725582    0.013128
228.000000    0.723884    0.016679
234.000000    0.733441    0.002515
240.000000    0.735438    0.006169
246.000000    0.736522    0.062191
252.000000    0.719277    0.067623
258.000000    0.740363    0.010430
264.000000    0.746174    0.013187
270.000000    0.744743    0.010509
276.000000    0.745516    0.198167
282.000000    0.775709    0.366535
288.000000    0.670927    0.508154
294.000000    0.379842    0.206165
300.000000    0.478148    0.353623
306.000000    0.439156    0.334358
312.000000    0.347493    0.224566
318.000000    0.202614    0.175522
324.000000    0.160438    0.105372
330.000000    0.204531    0.094257
336.000000    0.165555    0.059493
342.000000    0.155839    0.010175
348.000000    0.154487    0.000000
354.000000    0.312785    0.101674
360.000000    0.300598    0.132046
366.000000    0.439471    0.066364
372.000000    0.660936    0.192085
378.000000    0.593823    0.142743