3.333333    0.222147    0.073338
6.666667    0.253969    0.135964
10.000000    0.267575    0.131221
13.333333    0.248757    0.089351
16.666667    0.248721    0.007747
20.000000    0.272354    0.021497
23.333333    0.250741    0.049888
26.666667    0.278802    0.040292
30.000000    0.404567    0.210139
33.333333    0.436107    0.249510
36.666667    0.524801    0.027965
40.000000    0.576889    0.224482
43.333333    0.671963    0.076064
46.666667    0.659027    0.070333
50.000000    0.679149    0.108058
53.333333    0.682154    0.000984
56.666667    0.714140    0.006153
60.000000    0.713861    0.030835
63.333333    0.713993    0.006771
66.666667    0.712693    0.016655
70.000000    0.710187    0.044688
73.333333    0.708549    0.042153
76.666667    0.707648    0.038881
80.000000    0.711462    0.037378
83.333333    0.707389    0.037263
86.666667    0.707819    0.040439
90.000000    0.705452    0.040925
93.333333    0.708086    0.015957
96.666667    0.721971    0.173246
100.000000    0.767245    0.610190
103.333333    0.734059    0.384836
106.666667    0.675191    0.414670
110.000000    0.590770    0.357632
113.333333    0.633110    0.373482
116.666667    0.452351    0.339538
120.000000    0.287406    0.305053
123.333333    0.268329    0.281106
126.666667    0.324964    0.310493
130.000000    0.212829    0.174554
133.333333    0.158919    0.115371
136.666667    0.241918    0.116962
140.000000    0.169094    0.100227
143.333333    0.474486    0.091870
146.666667    0.170791    0.192085
150.000000    0.163299    0.050151
153.333333    0.209983    0.106078
156.666667    0.163877    0.105221
160.000000    0.220668    0.097047
163.333333    0.184087    0.144520
166.666667    0.167567    0.085338
170.000000    0.179731    0.054400
173.333333    0.157022    0.048466
176.666667    0.292464    0.104503
180.000000    0.206117    0.149817
183.333333    0.222840    0.109282
186.666667    0.198502    0.129531
190.000000    0.199183    0.051263
193.333333    0.218034    0.023525
196.666667    0.226136    0.018695
200.000000    0.638825    0.142444
203.333333    0.780285    0.099287
206.666667    0.747657    0.199195
210.000000    0.757194    0.161506
213.333333    0.731875    0.037343
216.666667    0.723422    0.024629
220.000000    0.725458    0.001227
223.333333    0.721258    0.018715
226.666667    0.723804    0.021812
230.000000    0.733700    0.007987
233.333333    0.736645    0.001821
236.666667    0.735681    0.018285
240.000000    0.735438    0.005057
243.333333    0.736789    0.017934
246.666667    0.732245    0.018835
250.000000    0.717822    0.093799
253.333333    0.720967    0.001112
256.666667    0.744018    0.006915
260.000000    0.741794    0.008804
263.333333    0.745676    0.020449
266.666667    0.745923    0.020401
270.000000    0.744743    0.013642
273.333333    0.744755    0.045337
276.666667    0.750239    0.293225
280.000000    0.780723    0.380751
283.333333    0.752726    0.359449
286.666667    0.682684    0.394217
290.000000    0.635007    0.410713
293.333333    0.496166    0.351837
296.666667    0.424418    0.347804
300.000000    0.478148    0.303934
303.333333    0.637837    0.329691
306.666667    0.503985    0.318440
310.000000    0.410561    0.286438
313.333333    0.369405    0.250542
316.666667    0.303663    0.242049
320.000000    0.164008    0.183007
323.333333    0.161342    0.022649
326.666667    0.158704    0.000215
330.000000    0.204531    0.078531
333.333333    0.187135    0.120054
336.666667    0.169142    0.067998
340.000000    0.198175    0.052140
343.333333    0.154001    0.064060
346.666667    0.154141    0.000000
350.000000    0.153830    0.002304
353.333333    0.253846    0.041707
356.666667    0.273605    0.179970
360.000000    0.300598    0.167747
363.333333    0.378559    0.223577
366.666667    0.480691    0.302499
370.000000    0.663666    0.145831
373.333333    0.628372    0.169544
376.666667    0.597469    0.105332
380.000000    0.595377    0.008879