0.333333    0.128794    0.003280
0.666667    0.135322    0.007018
1.000000    0.147932    0.023948
1.333333    0.159425    0.044225
1.666667    0.156428    0.058915
2.000000    0.155014    0.040523
2.333333    0.151614    0.040296
2.666667    0.155396    0.047689
3.000000    0.158413    0.056165
3.333333    0.156432    0.048856
3.666667    0.153033    0.008214
4.000000    0.153256    0.034330
4.333333    0.152802    0.039515
4.666667    0.149741    0.048398
5.000000    0.149661    0.035155
5.333333    0.149450    0.011422
5.666667    0.149534    0.009338
6.000000    0.150215    0.005906
6.333333    0.148984    0.013128
6.666667    0.156329    0.022880
7.000000    0.163387    0.059629
7.333333    0.172720    0.056074
7.666667    0.173992    0.051379
8.000000    0.175980    0.096357
8.333333    0.186709    0.094807
8.666667    0.190100    0.145947
9.000000    0.200243    0.140583
9.333333    0.215232    0.167013
9.666667    0.225801    0.150064
10.000000    0.224821    0.160972
10.333333    0.229029    0.167791
10.666667    0.239833    0.205591
11.000000    0.249593    0.233568
11.333333    0.243803    0.225108
11.666667    0.228647    0.222900
12.000000    0.239610    0.159641
12.333333    0.246166    0.177674
12.666667    0.235840    0.153077
13.000000    0.227710    0.142910
13.333333    0.233262    0.152802
13.666667    0.249661    0.143404
14.000000    0.244723    0.142348
14.333333    0.236749    0.143341
14.666667    0.234521    0.112088
15.000000    0.206416    0.064833
15.333333    0.189311    0.074386
15.666667    0.196656    0.063458
16.000000    0.204149    0.086470
16.333333    0.196461    0.086840
16.666667    0.189116    0.097286
17.000000    0.192671    0.077435
17.333333    0.204834    0.081867
17.666667    0.216647    0.121577
18.000000    0.223784    0.137283
18.333333    0.234648    0.156197
18.666667    0.243970    0.162984
19.000000    0.240180    0.189463
19.333333    0.245493    0.167858
19.666667    0.241252    0.172250
20.000000    0.252738    0.216651
20.333333    0.242520    0.207453
20.666667    0.216300    0.153674
21.000000    0.226654    0.123334
21.333333    0.241758    0.119692
21.666667    0.268161    0.189853
22.000000    0.286876    0.225857
22.333333    0.303742    0.256185
22.666667    0.314538    0.296465
23.000000    0.328543    0.322669
23.333333    0.329432    0.310326
23.666667    0.309844    0.302706
24.000000    0.300526    0.341001
24.333333    0.291926    0.281839
24.666667    0.273517    0.271333
25.000000    0.263419    0.246086
25.333333    0.251897    0.220222
25.666667    0.261809    0.204236
26.000000    0.263634    0.168496
26.333333    0.256400    0.188598
26.666667    0.250964    0.161271
27.000000    0.237283    0.170532
27.333333    0.239096    0.166304
27.666667    0.225861    0.168440
28.000000    0.220106    0.141551
28.333333    0.229224    0.165929
28.666667    0.243289    0.147214
29.000000    0.253172    0.196636
29.333333    0.253922    0.174299
29.666667    0.250375    0.194751
30.000000    0.246943    0.185840
30.333333    0.262199    0.197991
30.666667    0.263761    0.199809
31.000000    0.273282    0.230356
31.333333    0.280842    0.249338
31.666667    0.284820    0.264459
32.000000    0.302519    0.323091
32.333333    0.304093    0.301785
32.666667    0.291157    0.307708
33.000000    0.283588    0.291914
33.333333    0.292946    0.272812
33.666667    0.297956    0.255882
34.000000    0.300968    0.224358
34.333333    0.299390    0.240100
34.666667    0.294696    0.271740
35.000000    0.291635    0.264515
35.333333    0.276738    0.206624
35.666667    0.290057    0.230265
36.000000    0.302391    0.234469
36.333333    0.288985    0.249757
36.666667    0.269528    0.192663
37.000000    0.265563    0.171891
37.333333    0.261569    0.170544
37.666667    0.270010    0.160517
38.000000    0.258186    0.169213
38.333333    0.243368    0.125056
38.666667    0.244879    0.115925
39.000000    0.248908    0.109613
39.333333    0.245919    0.099159
39.666667    0.240997    0.095477
40.000000    0.248808    0.045895
40.333333    0.269472    0.112494
40.666667    0.298952    0.148047
41.000000    0.322605    0.144596
41.333333    0.336310    0.194225
41.666667    0.366113    0.262877
42.000000    0.392480    0.215642
42.333333    0.401714    0.196369
42.666667    0.402435    0.168348
43.000000    0.392416    0.242456
43.333333    0.369225    0.258469
43.666667    0.326439    0.225514
44.000000    0.287717    0.166447
44.333333    0.268970    0.079559
44.666667    0.266180    0.061585
45.000000    0.257194    0.066503
45.333333    0.244046    0.022689
45.666667    0.240172    0.027893
46.000000    0.240495    0.020186
46.333333    0.239754    0.032895
46.666667    0.242635    0.028969
47.000000    0.246692    0.038821
47.333333    0.250426    0.047342
47.666667    0.254252    0.049063
48.000000    0.258812    0.054101
48.333333    0.265212    0.056707
48.666667    0.271501    0.072418
49.000000    0.276299    0.080161
49.333333    0.282724    0.082612
49.666667    0.289128    0.098191
50.000000    0.291467    0.089833
50.333333    0.280073    0.079073
50.666667    0.271676    0.051722
51.000000    0.280520    0.038235
51.333333    0.284079    0.043580
51.666667    0.269648    0.050542
52.000000    0.262016    0.044620
52.333333    0.262378    0.029097
52.666667    0.267599    0.027718
53.000000    0.267049    0.028081
53.333333    0.258106    0.018436
53.666667    0.246154    0.010605
54.000000    0.246700    0.000060
54.333333    0.249566    0.000000
54.666667    0.247848    0.000088
55.000000    0.249916    0.001299
55.333333    0.251036    0.001578
55.666667    0.251674    0.002204
56.000000    0.252048    0.003447
56.333333    0.251459    0.019588
56.666667    0.251937    0.008891
57.000000    0.252220    0.009122
57.333333    0.252602    0.009529
57.666667    0.254958    0.003555
58.000000    0.258537    0.006416
58.333333    0.265336    0.006157
58.666667    0.270979    0.027921
59.000000    0.278949    0.049374
59.333333    0.281608    0.043456
59.666667    0.269998    0.038574
60.000000    0.254037    0.019783
60.333333    0.252467    0.002140
60.666667    0.251965    0.005954
61.000000    0.252208    0.003930
61.333333    0.252327    0.002706
61.666667    0.252738    0.002331
62.000000    0.252766    0.002240
62.333333    0.253304    0.007325
62.666667    0.253296    0.012518
63.000000    0.253200    0.017691
63.333333    0.253113    0.020110
63.666667    0.251738    0.028152
64.000000    0.252172    0.005978
64.333333    0.252511    0.006237
64.666667    0.252096    0.008050
65.000000    0.251889    0.007747
65.333333    0.251586    0.012610
65.666667    0.251243    0.012992
66.000000    0.250952    0.014511
66.333333    0.251718    0.016866
66.666667    0.252634    0.015933
67.000000    0.251307    0.022222
67.333333    0.267408    0.053105
67.666667    0.271632    0.057018
68.000000    0.276698    0.058457
68.333333    0.283146    0.061908
68.666667    0.282955    0.060908
69.000000    0.252483    0.041129
69.333333    0.249733    0.010876
69.666667    0.249717    0.024825
70.000000    0.250060    0.026235
70.333333    0.249908    0.023525
70.666667    0.249593    0.018508
71.000000    0.250889    0.015415
71.333333    0.250725    0.020437
71.666667    0.251216    0.026658
72.000000    0.250917    0.026287
72.333333    0.250203    0.028332
72.666667    0.249414    0.022605
73.000000    0.249633    0.021238
73.333333    0.249733    0.029404
73.666667    0.249984    0.033720
74.000000    0.247689    0.024434
74.333333    0.247967    0.028308
74.666667    0.249155    0.025036
75.000000    0.248976    0.020959
75.333333    0.248454    0.021692
75.666667    0.249478    0.023191
76.000000    0.250092    0.020815
76.333333    0.250235    0.013865
76.666667    0.251136    0.007257
77.000000    0.251730    0.015547
77.333333    0.249617    0.030085
77.666667    0.248398    0.026375
78.000000    0.249103    0.026327
78.333333    0.249797    0.018998
78.666667    0.249912    0.018077
79.000000    0.248761    0.018711
79.333333    0.249960    0.021118
79.666667    0.249374    0.019923
80.000000    0.249693    0.015144
80.333333    0.253539    0.009095
80.666667    0.254209    0.024773
81.000000    0.254224    0.010310
81.333333    0.254001    0.008015
81.666667    0.250909    0.008772
82.000000    0.250654    0.016312
82.333333    0.248067    0.022696
82.666667    0.247864    0.018615
83.000000    0.248314    0.019903
83.333333    0.248848    0.021800
83.666667    0.248892    0.021070
84.000000    0.247625    0.026192
84.333333    0.248278    0.024103
84.666667    0.248904    0.022700
85.000000    0.249912    0.023378
85.333333    0.249813    0.021314
85.666667    0.249398    0.017121
86.000000    0.249450    0.013973
86.333333    0.249478    0.012677
86.666667    0.250044    0.011912
87.000000    0.251343    0.011386
87.333333    0.253858    0.008935
87.666667    0.254093    0.009202
88.000000    0.253595    0.010103
88.333333    0.255169    0.010242
88.666667    0.255771    0.010063
89.000000    0.256213    0.013542
89.333333    0.255607    0.012745
89.666667    0.256492    0.009126
90.000000    0.256743    0.009218
90.333333    0.256006    0.008138
90.666667    0.254918    0.007935
91.000000    0.255408    0.009692
91.333333    0.255850    0.013060
91.666667    0.256954    0.010864
92.000000    0.257951    0.019512
92.333333    0.257126    0.017460
92.666667    0.257102    0.018966
93.000000    0.256974    0.025092
93.333333    0.257700    0.025024
93.666667    0.256731    0.027455
94.000000    0.256608    0.030655
94.333333    0.256365    0.027925
94.666667    0.255703    0.027172
95.000000    0.255253    0.022836
95.333333    0.255105    0.027790
95.666667    0.252770    0.042201
96.000000    0.253029    0.043269
96.333333    0.254874    0.055651
96.666667    0.258309    0.110593
97.000000    0.264299    0.132345
97.333333    0.266511    0.131313
97.666667    0.267842    0.145134
98.000000    0.269393    0.187159
98.333333    0.269070    0.126582
98.666667    0.269070    0.142866
99.000000    0.271577    0.190997
99.333333    0.271947    0.151012
99.666667    0.275478    0.138913
100.000000    0.278049    0.119225
100.333333    0.279559    0.069692
100.666667    0.279571    0.105145
101.000000    0.277694    0.136697
101.333333    0.274382    0.124107
101.666667    0.266372    0.126638
102.000000    0.257759    0.117340
102.333333    0.247210    0.114100
102.666667    0.238478    0.126754
103.000000    0.237841    0.161358
103.333333    0.236135    0.153651
103.666667    0.238419    0.001734
104.000000    0.239260    0.094978
104.333333    0.239252    0.054017
104.666667    0.244963    0.072692
105.000000    0.252351    0.086015
105.333333    0.254910    0.110477
105.666667    0.254181    0.095648
106.000000    0.257672    0.108604
106.333333    0.255049    0.113172
106.666667    0.250582    0.127937
107.000000    0.252200    0.095429
107.333333    0.251961    0.113594
107.666667    0.249430    0.117077
108.000000    0.244297    0.131823
108.333333    0.237454    0.086793
108.666667    0.237936    0.091487
109.000000    0.243201    0.118763
109.333333    0.241699    0.067922
109.666667    0.227682    0.069887
110.000000    0.217950    0.053686
110.333333    0.226917    0.058537
110.666667    0.236318    0.082030
111.000000    0.244409    0.043189
111.333333    0.238686    0.065471
111.666667    0.228037    0.060884
112.000000    0.234254    0.051028
112.333333    0.241372    0.076981
112.666667    0.245381    0.059712
113.000000    0.246935    0.077284
113.333333    0.240894    0.064411
113.666667    0.229428    0.068042
114.000000    0.239299    0.051630
114.333333    0.237223    0.067890
114.666667    0.232110    0.093683
115.000000    0.239419    0.089140
115.333333    0.242874    0.089706
115.666667    0.208130    0.087044
116.000000    0.190702    0.071078
116.333333    0.186773    0.075681
116.666667    0.191874    0.105209
117.000000    0.203914    0.127439
117.333333    0.200163    0.110904
117.666667    0.192460    0.109210
118.000000    0.198517    0.108804
118.333333    0.200159    0.118871
118.666667    0.204053    0.131831
119.000000    0.199649    0.146664
119.333333    0.195887    0.141878
119.666667    0.186713    0.104966
120.000000    0.174773    0.119664
120.333333    0.170261    0.123657
120.666667    0.163283    0.121656
121.000000    0.172202    0.146397
121.333333    0.179137    0.147940
121.666667    0.180269    0.166667
122.000000    0.179551    0.180022
122.333333    0.191499    0.144002
122.666667    0.198083    0.149621
123.000000    0.206253    0.164798
123.333333    0.196353    0.162175
123.666667    0.176044    0.089299
124.000000    0.165025    0.088618
124.333333    0.160633    0.075430
124.666667    0.161083    0.069688
125.000000    0.162000    0.055759
125.333333    0.158804    0.068030
125.666667    0.151431    0.062709
126.000000    0.141121    0.043867
126.333333    0.138638    0.024346
126.666667    0.140463    0.002778
127.000000    0.148904    0.000964
127.333333    0.170309    0.021158
127.666667    0.199868    0.050729
128.000000    0.186099    0.063482
128.333333    0.160497    0.066168
128.666667    0.149681    0.046828
129.000000    0.144046    0.036685
129.333333    0.139307    0.050470
129.666667    0.139407    0.041730
130.000000    0.139331    0.035302
130.333333    0.138554    0.016539
130.666667    0.134832    0.019329
131.000000    0.133282    0.005930
131.333333    0.132393    0.003168
131.666667    0.132241    0.003113
132.000000    0.132114    0.001036
132.333333    0.132070    0.002941
132.666667    0.132644    0.002897
133.000000    0.133405    0.005866
133.333333    0.134270    0.009047
133.666667    0.134393    0.003830
134.000000    0.132991    0.002244
134.333333    0.136828    0.005735
134.666667    0.149562    0.005954
135.000000    0.157134    0.028738
135.333333    0.163522    0.028396
135.666667    0.167149    0.029244
136.000000    0.159716    0.029053
136.333333    0.139503    0.030599
136.666667    0.141587    0.032333
137.000000    0.144811    0.057405
137.333333    0.151415    0.068452
137.666667    0.151307    0.079344
138.000000    0.157488    0.093352
138.333333    0.161302    0.115603
138.666667    0.168990    0.113510
139.000000    0.175558    0.115511
139.333333    0.179049    0.108951
139.666667    0.161852    0.091172
140.000000    0.150861    0.041818
140.333333    0.152280    0.036386
140.666667    0.150725    0.017874
141.000000    0.152806    0.021672
141.333333    0.151419    0.034354
141.666667    0.151140    0.032564
142.000000    0.166459    0.029404
142.333333    0.164511    0.034031
142.666667    0.165670    0.040308
143.000000    0.164774    0.016081
143.333333    0.162745    0.006775
143.666667    0.135764    0.022912
144.000000    0.141161    0.019038
144.333333    0.151088    0.041069
144.666667    0.149821    0.066794
145.000000    0.141989    0.058656
145.333333    0.136526    0.033142
145.666667    0.136207    0.037103
146.000000    0.136127    0.036259
146.333333    0.136526    0.035055
146.666667    0.137438    0.029874
147.000000    0.137319    0.025136
147.333333    0.136900    0.042121
147.666667    0.138231    0.047035
148.000000    0.139447    0.043432
148.333333    0.141069    0.046561
148.666667    0.141200    0.048964
149.000000    0.140913    0.079563
149.333333    0.142296    0.064427
149.666667    0.143831    0.063072
150.000000    0.143348    0.076391
150.333333    0.145202    0.071832
150.666667    0.147270    0.072449
151.000000    0.147848    0.091017
151.333333    0.147111    0.067647
151.666667    0.147150    0.070644
152.000000    0.146521    0.043333
152.333333    0.146935    0.044548
152.666667    0.144835    0.030603
153.000000    0.136629    0.023426
153.333333    0.137889    0.025263
153.666667    0.135824    0.014710
154.000000    0.136769    0.008712
154.333333    0.133899    0.003499
154.666667    0.136378    0.002216
155.000000    0.134569    0.009565
155.333333    0.133859    0.005033
155.666667    0.133497    0.011836
156.000000    0.133796    0.003403
156.333333    0.134262    0.007249
156.666667    0.134326    0.003814
157.000000    0.137430    0.016846
157.333333    0.142209    0.028192
157.666667    0.137928    0.015587
158.000000    0.134130    0.001805
158.333333    0.132708    0.004045
158.666667    0.132421    0.001068
159.000000    0.130874    0.000000
159.333333    0.151849    0.000000
159.666667    0.176299    0.047342
160.000000    0.155153    0.064108
160.333333    0.140818    0.035127
160.666667    0.128280    0.026028
161.000000    0.126092    0.024438
161.333333    0.126502    0.027220
161.666667    0.129081    0.019959
162.000000    0.129392    0.022107
162.333333    0.132337    0.020915
162.666667    0.148482    0.024745
163.000000    0.147194    0.048709
163.333333    0.138897    0.048386
163.666667    0.134884    0.046772
164.000000    0.131934    0.036821
164.333333    0.132018    0.033664
164.666667    0.131082    0.045807
165.000000    0.130839    0.047318
165.333333    0.131938    0.040156
165.666667    0.143815    0.054619
166.000000    0.141479    0.042707
166.333333    0.138658    0.034469
166.666667    0.137088    0.022995
167.000000    0.135159    0.012370
167.333333    0.133186    0.000765
167.666667    0.133720    0.000753
168.000000    0.151188    0.023019
168.333333    0.158130    0.038447
168.666667    0.146485    0.028240
169.000000    0.134023    0.020772
169.333333    0.129400    0.011314
169.666667    0.128479    0.010557
170.000000    0.129117    0.009405
170.333333    0.130308    0.012897
170.666667    0.131923    0.006887
171.000000    0.131225    0.003706
171.333333    0.131337    0.001889
171.666667    0.131528    0.000490
172.000000    0.131572    0.000434
172.333333    0.130719    0.000104
172.666667    0.131759    0.000084
173.000000    0.132082    0.000171
173.333333    0.132217    0.000315
173.666667    0.132596    0.001682
174.000000    0.132445    0.003403
174.333333    0.133018    0.002359
174.666667    0.132632    0.002782
175.000000    0.132592    0.000000
175.333333    0.132668    0.000092
175.666667    0.132405    0.001845
176.000000    0.138470    0.009202
176.333333    0.139901    0.004603
176.666667    0.163371    0.036984
177.000000    0.179320    0.059967
177.333333    0.172318    0.094847
177.666667    0.157409    0.079228
178.000000    0.139180    0.053053
178.333333    0.131070    0.024574
178.666667    0.133258    0.028495
179.000000    0.147135    0.036924
179.333333    0.166376    0.057983
179.666667    0.166671    0.049406
180.000000    0.162295    0.049032
180.333333    0.160760    0.070433
180.666667    0.157361    0.067304
181.000000    0.156600    0.049617
181.333333    0.155245    0.046190
181.666667    0.153164    0.052052
182.000000    0.152056    0.033018
182.333333    0.149861    0.029567
182.666667    0.150430    0.009856
183.000000    0.151196    0.008915
183.333333    0.152017    0.016591
183.666667    0.155304    0.010553
184.000000    0.151590    0.012984
184.333333    0.150478    0.011231
184.666667    0.148354    0.011067
185.000000    0.147784    0.011534
185.333333    0.147852    0.008748
185.666667    0.146724    0.008246
186.000000    0.147601    0.006420
186.333333    0.147613    0.006369
186.666667    0.147402    0.005233
187.000000    0.146672    0.004093
187.333333    0.146756    0.002614
187.666667    0.146951    0.004244
188.000000    0.147198    0.002977
188.333333    0.147262    0.004432
188.666667    0.147449    0.004272
189.000000    0.147083    0.013837
189.333333    0.147473    0.006034
189.666667    0.148083    0.005759
190.000000    0.147944    0.004954
190.333333    0.148051    0.004388
190.666667    0.147027    0.004248
191.000000    0.149123    0.009182
191.333333    0.151323    0.009780
191.666667    0.153280    0.016826
192.000000    0.154818    0.022708
192.333333    0.156982    0.026403
192.666667    0.160709    0.041077
193.000000    0.153814    0.032520
193.333333    0.153085    0.043070
193.666667    0.154061    0.041858
194.000000    0.154324    0.046545
194.333333    0.155655    0.045477
194.666667    0.148486    0.025717
195.000000    0.148115    0.010948
195.333333    0.148936    0.007393
195.666667    0.149319    0.006137
196.000000    0.150741    0.011900
196.333333    0.154348    0.010234
196.666667    0.160218    0.037088
197.000000    0.165332    0.055213
197.333333    0.167272    0.050199
197.666667    0.173964    0.067500
198.000000    0.180133    0.064224
198.333333    0.182712    0.053934
198.666667    0.182034    0.073868
199.000000    0.187032    0.089148
199.333333    0.197724    0.104404
199.666667    0.207620    0.121525
200.000000    0.232058    0.103535
200.333333    0.237402    0.096190
200.666667    0.232851    0.091742
201.000000    0.227670    0.079420
201.333333    0.250877    0.081648
201.666667    0.257062    0.067320
202.000000    0.254484    0.096852
202.333333    0.257508    0.097501
202.666667    0.263211    0.104647
203.000000    0.277284    0.143831
203.333333    0.296565    0.164475
203.666667    0.310717    0.175371
204.000000    0.330536    0.198330
204.333333    0.339558    0.183389
204.666667    0.350283    0.214299
205.000000    0.346959    0.221696
205.333333    0.335864    0.190937
205.666667    0.311805    0.191993
206.000000    0.312924    0.119871
206.333333    0.303599    0.161099
206.666667    0.293380    0.141985
207.000000    0.284748    0.079950
207.333333    0.283939    0.098490
207.666667    0.285756    0.084828
208.000000    0.295568    0.094923
208.333333    0.299147    0.093946
208.666667    0.294767    0.079890
209.000000    0.297685    0.092388
209.333333    0.310370    0.080886
209.666667    0.322119    0.120819
210.000000    0.324701    0.116336
210.333333    0.328336    0.135920
210.666667    0.335326    0.139236
211.000000    0.356408    0.137733
211.333333    0.350522    0.146246
211.666667    0.343930    0.131086
212.000000    0.350498    0.138474
212.333333    0.341129    0.160159
212.666667    0.334425    0.136972
213.000000    0.342711    0.147573
213.333333    0.360394    0.152523
213.666667    0.382241    0.191754
214.000000    0.398023    0.207393
214.333333    0.400371    0.225733
214.666667    0.425486    0.245983
215.000000    0.447784    0.259302
215.333333    0.454232    0.282405
215.666667    0.453627    0.311729
216.000000    0.439734    0.312016
216.333333    0.422720    0.331532
216.666667    0.410605    0.343839
217.000000    0.407405    0.350952
217.333333    0.410900    0.353762
217.666667    0.410250    0.338275
218.000000    0.399020    0.318671
218.333333    0.384852    0.317599
218.666667    0.368368    0.304105
219.000000    0.346604    0.232684
219.333333    0.345616    0.250701
219.666667    0.347007    0.272967
220.000000    0.345588    0.212175
220.333333    0.342767    0.214271
220.666667    0.335350    0.216774
221.000000    0.332409    0.190722
221.333333    0.332608    0.178216
221.666667    0.328304    0.175626
222.000000    0.334680    0.215116
222.333333    0.335250    0.214056
222.666667    0.316447    0.190579
223.000000    0.292268    0.138837
223.333333    0.277770    0.082010
223.666667    0.282150    0.064523
224.000000    0.285613    0.058604
224.333333    0.287554    0.071254
224.666667    0.291408    0.094460
225.000000    0.296078    0.084377
225.333333    0.307389    0.095931
225.666667    0.318038    0.107576
226.000000    0.321577    0.137303
226.333333    0.316798    0.133007
226.666667    0.323517    0.142974
227.000000    0.337470    0.143623
227.333333    0.345206    0.174099
227.666667    0.358413    0.196154
228.000000    0.362526    0.213857
228.333333    0.366001    0.205041
228.666667    0.377594    0.240515
229.000000    0.403603    0.237175
229.333333    0.413247    0.267703
229.666667    0.405615    0.248713
230.000000    0.381408    0.179125
230.333333    0.358517    0.103156
230.666667    0.319990    0.106719
231.000000    0.276498    0.053228
231.333333    0.259019    0.018894
231.666667    0.258094    0.001626
232.000000    0.257664    0.003941
232.333333    0.257038    0.003846
232.666667    0.257305    0.001841
233.000000    0.257429    0.001395
233.333333    0.257815    0.000271
233.666667    0.258238    0.000076
234.000000    0.256504    0.001387
234.333333    0.258313    0.000976
234.666667    0.261530    0.007118
235.000000    0.263199    0.013785
235.333333    0.263351    0.010326
235.666667    0.264212    0.020560
236.000000    0.265782    0.018488
236.333333    0.266615    0.019456
236.666667    0.265842    0.017667
237.000000    0.258425    0.009322
237.333333    0.256871    0.001977
237.666667    0.257209    0.002112
238.000000    0.258142    0.012171
238.333333    0.260226    0.005842
238.666667    0.261765    0.012988
239.000000    0.262315    0.013140
239.333333    0.262817    0.012486
239.666667    0.269600    0.033517
240.000000    0.273725    0.025171
240.333333    0.271624    0.045245
240.666667    0.268592    0.042890
241.000000    0.273757    0.043831
241.333333    0.277240    0.044301
241.666667    0.278838    0.036984
242.000000    0.258329    0.022971
242.333333    0.256540    0.007728
242.666667    0.256580    0.000000
243.000000    0.257170    0.001877
243.333333    0.257783    0.000833
243.666667    0.258301    0.000929
244.000000    0.258708    0.000941
244.333333    0.258784    0.000594
244.666667    0.256070    0.003639
245.000000    0.258174    0.001411
245.333333    0.259720    0.005950
245.666667    0.264032    0.027718
246.000000    0.269771    0.041288
246.333333    0.271501    0.037733
246.666667    0.274055    0.054862
247.000000    0.279444    0.077575
247.333333    0.286111    0.069189
247.666667    0.289594    0.082596
248.000000    0.287542    0.077782
248.333333    0.262677    0.070927
248.666667    0.265866    0.048645
249.000000    0.276108    0.049028
249.333333    0.284828    0.065359
249.666667    0.290164    0.095967
250.000000    0.274821    0.084593
250.333333    0.256659    0.036123
250.666667    0.257823    0.005755
251.000000    0.253926    0.012797
251.333333    0.257907    0.016165
251.666667    0.259099    0.035992
252.000000    0.264626    0.054105
252.333333    0.276845    0.052471
252.666667    0.283931    0.043695
253.000000    0.287127    0.071047
253.333333    0.289415    0.049621
253.666667    0.276746    0.033082
254.000000    0.282827    0.036354
254.333333    0.298338    0.058537
254.666667    0.302730    0.065204
255.000000    0.281899    0.042571
255.333333    0.274442    0.020867
255.666667    0.272888    0.017508
256.000000    0.279304    0.021465
256.333333    0.286717    0.025729
256.666667    0.290626    0.033246
257.000000    0.293217    0.037554
257.333333    0.272402    0.029165
257.666667    0.269066    0.022645
258.000000    0.267675    0.014610
258.333333    0.268317    0.020034
258.666667    0.268560    0.035677
259.000000    0.267280    0.029408
259.333333    0.267157    0.006871
259.666667    0.267069    0.008058
260.000000    0.267237    0.011593
260.333333    0.268030    0.017037
260.666667    0.268237    0.017826
261.000000    0.269281    0.011199
261.333333    0.269217    0.011589
261.666667    0.270552    0.010167
262.000000    0.272473    0.014104
262.333333    0.272792    0.017799
262.666667    0.273215    0.013032
263.000000    0.272820    0.015065
263.333333    0.274239    0.027594
263.666667    0.273374    0.017966
264.000000    0.274147    0.026483
264.333333    0.274075    0.022346
264.666667    0.271306    0.017077
265.000000    0.270899    0.014495
265.333333    0.268898    0.019580
265.666667    0.270333    0.010390
266.000000    0.272888    0.014040
266.333333    0.276869    0.007166
266.666667    0.279033    0.005033
267.000000    0.279093    0.028467
267.333333    0.279201    0.023242
267.666667    0.275741    0.002025
268.000000    0.269444    0.006094
268.333333    0.267675    0.006656
268.666667    0.268847    0.001407
269.000000    0.268604    0.002869
269.333333    0.270907    0.009083
269.666667    0.273948    0.005169
270.000000    0.275709    0.007261
270.333333    0.275781    0.008724
270.666667    0.274334    0.009923
271.000000    0.275108    0.007445
271.333333    0.268309    0.018799
271.666667    0.268448    0.025458
272.000000    0.271262    0.022505
272.333333    0.270772    0.021413
272.666667    0.271094    0.018743
273.000000    0.272461    0.009374
273.333333    0.272936    0.010023
273.666667    0.273709    0.012422
274.000000    0.273418    0.011585
274.333333    0.274028    0.009270
274.666667    0.275610    0.016065
275.000000    0.277128    0.010796
275.333333    0.278176    0.009557
275.666667    0.280089    0.014016
276.000000    0.281480    0.014634
276.333333    0.283246    0.013024
276.666667    0.284493    0.015750
277.000000    0.283684    0.019891
277.333333    0.283907    0.019863
277.666667    0.283891    0.018982
278.000000    0.288020    0.028304
278.333333    0.292217    0.026809
278.666667    0.296497    0.029209
279.000000    0.300534    0.021907
279.333333    0.302048    0.035183
279.666667    0.304639    0.050801
280.000000    0.303196    0.067384
280.333333    0.297760    0.083345
280.666667    0.296836    0.052869
281.000000    0.296322    0.099566
281.333333    0.288973    0.111366
281.666667    0.284708    0.117280
282.000000    0.289690    0.114542
282.333333    0.293380    0.134210
282.666667    0.288144    0.130488
283.000000    0.267783    0.122222
283.333333    0.264248    0.098705
283.666667    0.261809    0.079272
284.000000    0.257680    0.077136
284.333333    0.253762    0.052112
284.666667    0.247079    0.050410
285.000000    0.248398    0.075630
285.333333    0.244596    0.077814
285.666667    0.248585    0.108712
286.000000    0.253953    0.116667
286.333333    0.245162    0.102037
286.666667    0.249769    0.107178
287.000000    0.247174    0.119417
287.333333    0.250952    0.044432
287.666667    0.257835    0.060884
288.000000    0.242177    0.099183
288.333333    0.240304    0.110306
288.666667    0.239829    0.142165
289.000000    0.231133    0.117049
289.333333    0.217930    0.089447
289.666667    0.209138    0.110258
290.000000    0.200207    0.056420
290.333333    0.199868    0.076566
290.666667    0.196748    0.063506
291.000000    0.204739    0.084302
291.333333    0.206400    0.081691
291.666667    0.221114    0.104926
292.000000    0.221039    0.089351
292.333333    0.206775    0.070556
292.666667    0.198784    0.066615
293.000000    0.188462    0.099410
293.333333    0.196190    0.093902
293.666667    0.202204    0.096043
294.000000    0.187458    0.076997
294.333333    0.180583    0.048131
294.666667    0.175713    0.005675
295.000000    0.187040    0.059397
295.333333    0.190172    0.081528
295.666667    0.199283    0.081094
296.000000    0.203216    0.068006
296.333333    0.187857    0.062932
296.666667    0.185262    0.049745
297.000000    0.179914    0.041914
297.333333    0.177861    0.054296
297.666667    0.192129    0.055225
298.000000    0.190670    0.077941
298.333333    0.201833    0.059939
298.666667    0.215120    0.089658
299.000000    0.214817    0.081086
299.333333    0.221389    0.096190
299.666667    0.222246    0.077044
300.000000    0.213395    0.087546
300.333333    0.200913    0.084083
300.666667    0.208804    0.096074
301.000000    0.216683    0.106404
301.333333    0.212972    0.131213
301.666667    0.230113    0.091037
302.000000    0.241850    0.056942
302.333333    0.241288    0.050913
302.666667    0.235669    0.084370
303.000000    0.226184    0.112610
303.333333    0.225725    0.096987
303.666667    0.231787    0.128599
304.000000    0.240312    0.098043
304.333333    0.219146    0.098450
304.666667    0.199418    0.042882
305.000000    0.202064    0.097892
305.333333    0.201742    0.124095
305.666667    0.206911    0.042001
306.000000    0.216711    0.022003
306.333333    0.227571    0.044692
306.666667    0.229639    0.093831
307.000000    0.236346    0.094656
307.333333    0.247326    0.109222
307.666667    0.245513    0.091750
308.000000    0.230081    0.115810
308.333333    0.208082    0.107819
308.666667    0.202957    0.049550
309.000000    0.198681    0.070999
309.333333    0.200283    0.066073
309.666667    0.194317    0.070405
310.000000    0.196517    0.071688
310.333333    0.206544    0.080687
310.666667    0.222139    0.092898
311.000000    0.225510    0.104288
311.333333    0.231002    0.113331
311.666667    0.225191    0.079212
312.000000    0.201068    0.052343
312.333333    0.184366    0.080711
312.666667    0.184919    0.075945
313.000000    0.180488    0.034864
313.333333    0.161892    0.044058
313.666667    0.145799    0.035641
314.000000    0.151243    0.034760
314.333333    0.160047    0.026877
314.666667    0.165256    0.015292
315.000000    0.191141    0.077614
315.333333    0.203057    0.099988
315.666667    0.178519    0.100108
316.000000    0.169564    0.082803
316.333333    0.158509    0.080524
316.666667    0.156958    0.048629
317.000000    0.151769    0.088084
317.333333    0.147067    0.075861
317.666667    0.144205    0.060043
318.000000    0.148780    0.060434
318.333333    0.148262    0.057668
318.666667    0.147991    0.058533
319.000000    0.146051    0.064550
319.333333    0.146895    0.048944
319.666667    0.148808    0.062749
320.000000    0.150410    0.055719
320.333333    0.150307    0.054256
320.666667    0.147983    0.037976
321.000000    0.134983    0.020134
321.333333    0.134908    0.016687
321.666667    0.134792    0.006755
322.000000    0.135103    0.016910
322.333333    0.134939    0.018077
322.666667    0.134565    0.005010
323.000000    0.134601    0.016340
323.333333    0.135402    0.018791
323.666667    0.135565    0.010533
324.000000    0.135362    0.023505
324.333333    0.134979    0.025685
324.666667    0.135888    0.017500
325.000000    0.136278    0.025315
325.333333    0.136924    0.028340
325.666667    0.136298    0.026132
326.000000    0.137761    0.030221
326.333333    0.139076    0.028065
326.666667    0.139650    0.030591
327.000000    0.139770    0.039965
327.333333    0.136454    0.045524
327.666667    0.137406    0.040866
328.000000    0.137630    0.052132
328.333333    0.160565    0.086534
328.666667    0.165774    0.124259
329.000000    0.166037    0.063482
329.333333    0.168986    0.145110
329.666667    0.149550    0.106859
330.000000    0.138044    0.055336
330.333333    0.134860    0.044165
330.666667    0.130472    0.053005
331.000000    0.128423    0.039841
331.333333    0.128587    0.031707
331.666667    0.144711    0.069393
332.000000    0.162630    0.100387
332.333333    0.171525    0.086486
332.666667    0.156420    0.091089
333.000000    0.140164    0.054268
333.333333    0.136047    0.021593
333.666667    0.135725    0.024857
334.000000    0.132807    0.017205
334.333333    0.131117    0.013032
334.666667    0.129711    0.003914
335.000000    0.130655    0.003762
335.333333    0.142380    0.017938
335.666667    0.139674    0.032166
336.000000    0.135489    0.020218
336.333333    0.132313    0.013630
336.666667    0.131743    0.002144
337.000000    0.131074    0.001861
337.333333    0.128160    0.002925
337.666667    0.130201    0.001080
338.000000    0.133732    0.000132
338.333333    0.136824    0.000000
338.666667    0.138219    0.000068
339.000000    0.129587    0.000167
339.333333    0.125761    0.000000
339.666667    0.126506    0.000000
340.000000    0.128037    0.000028
340.333333    0.128706    0.001387
340.666667    0.132469    0.004886
341.000000    0.132237    0.000263
341.333333    0.132484    0.000737
341.666667    0.132445    0.001004
342.000000    0.132524    0.000000
342.333333    0.131915    0.000933
342.666667    0.132122    0.000000
343.000000    0.132122    0.000016
343.333333    0.132568    0.000116
343.666667    0.132500    0.000000
344.000000    0.131333    0.000458
344.333333    0.131464    0.000056
344.666667    0.131424    0.000526
345.000000    0.131588    0.000104
345.333333    0.131907    0.000000
345.666667    0.130659    0.002523
346.000000    0.131006    0.000921
346.333333    0.130392    0.006420
346.666667    0.130512    0.017185
347.000000    0.131074    0.012749
347.333333    0.131448    0.011968
347.666667    0.131512    0.004468
348.000000    0.130930    0.002399
348.333333    0.131237    0.007058
348.666667    0.131197    0.005731
349.000000    0.131098    0.001200
349.333333    0.131098    0.000430
349.666667    0.129966    0.000291
350.000000    0.130392    0.000072
350.333333    0.130807    0.000275
350.666667    0.131030    0.000000
351.000000    0.131361    0.000000
351.333333    0.128483    0.002754
351.666667    0.130512    0.004328
352.000000    0.127100    0.003204
352.333333    0.126451    0.000941
352.666667    0.126614    0.000000
353.000000    0.124546    0.000000
353.333333    0.136968    0.004392
353.666667    0.156576    0.023147
354.000000    0.166870    0.058736
354.333333    0.162207    0.050167
354.666667    0.155751    0.040937
355.000000    0.151032    0.047429
355.333333    0.145317    0.039746
355.666667    0.140921    0.004966
356.000000    0.152304    0.031301
356.333333    0.154476    0.062980
356.666667    0.165726    0.083110
357.000000    0.157688    0.048964
357.333333    0.152475    0.045855
357.666667    0.163941    0.057050
358.000000    0.173625    0.085784
358.333333    0.184513    0.093679
358.666667    0.180922    0.087295
359.000000    0.184796    0.079129
359.333333    0.192292    0.117256
359.666667    0.206408    0.108357
360.000000    0.231460    0.069520
360.333333    0.265132    0.074837
360.666667    0.297732    0.190830
361.000000    0.336151    0.263969
361.333333    0.337052    0.262582
361.666667    0.299143    0.228049
362.000000    0.254248    0.171326
362.333333    0.207692    0.130432
362.666667    0.190917    0.107528
363.000000    0.188969    0.065949
363.333333    0.194046    0.116894
363.666667    0.201395    0.114088
364.000000    0.214467    0.114080
364.333333    0.204400    0.122453
364.666667    0.196102    0.114538
365.000000    0.200407    0.077646
365.333333    0.208907    0.130312
365.666667    0.217886    0.105607
366.000000    0.224920    0.153013
366.333333    0.226176    0.126722
366.666667    0.210669    0.115726
367.000000    0.201845    0.099191
367.333333    0.224000    0.085469
367.666667    0.245405    0.094165
368.000000    0.257265    0.130982
368.333333    0.266782    0.148187
368.666667    0.253659    0.158090
369.000000    0.254547    0.120305
369.333333    0.270967    0.097732
369.666667    0.283018    0.106117
370.000000    0.294863    0.173673
370.333333    0.302937    0.156090
370.666667    0.290638    0.172115
371.000000    0.275263    0.132126
371.333333    0.280420    0.120150
371.666667    0.279368    0.112020
372.000000    0.280938    0.111968
372.333333    0.285860    0.108497
372.666667    0.268875    0.092492
373.000000    0.260290    0.068619
373.333333    0.272414    0.079966
373.666667    0.288526    0.117085
374.000000    0.297525    0.124980
374.333333    0.314542    0.130089
374.666667    0.330448    0.155181
375.000000    0.338913    0.167591
375.333333    0.336617    0.179751
375.666667    0.349243    0.176092
376.000000    0.361326    0.214937
376.333333    0.390451    0.235988
376.666667    0.431648    0.272282
377.000000    0.449330    0.283289
377.333333    0.445620    0.239319
377.666667    0.437725    0.281679
378.000000    0.411502    0.230627
378.333333    0.381524    0.234242
378.666667    0.362382    0.183975
379.000000    0.367834    0.187514
379.333333    0.374426    0.194703
379.666667    0.378515    0.190359
380.000000    0.409728    0.222995
380.333333    0.433377    0.258286
380.666667    0.462299    0.264295
381.000000    0.480037    0.257680
381.333333    0.472318    0.263140
381.666667    0.457285    0.265447
382.000000    0.450151    0.256428
382.333333    0.415838    0.252881
