0.333333    0.228308    0.041288
0.666667    0.223402    0.049350
1.000000    0.216416    0.040818
1.333333    0.220345    0.036817
1.666667    0.231165    0.033441
2.000000    0.232696    0.043520
2.333333    0.235107    0.042464
2.666667    0.236175    0.049466
3.000000    0.233034    0.048458
3.333333    0.234043    0.040399
3.666667    0.236314    0.015503
4.000000    0.240415    0.029097
4.333333    0.244624    0.028144
4.666667    0.241519    0.056245
5.000000    0.242109    0.060318
5.333333    0.243257    0.061809
5.666667    0.247390    0.023892
6.000000    0.246820    0.020911
6.333333    0.242009    0.032995
6.666667    0.247278    0.045847
7.000000    0.249685    0.055663
7.333333    0.256556    0.070684
7.666667    0.267711    0.082867
8.000000    0.275594    0.128902
8.333333    0.292930    0.173298
8.666667    0.309326    0.178539
9.000000    0.322222    0.195516
9.333333    0.330297    0.218249
9.666667    0.349267    0.233090
10.000000    0.354627    0.238722
10.333333    0.349502    0.220692
10.666667    0.331942    0.222908
11.000000    0.327814    0.185784
11.333333    0.328188    0.189527
11.666667    0.327072    0.197928
12.000000    0.326929    0.165961
12.333333    0.333947    0.167372
12.666667    0.343560    0.148470
13.000000    0.343341    0.153515
13.333333    0.323968    0.148788
13.666667    0.313869    0.139933
14.000000    0.306759    0.105795
14.333333    0.299426    0.098043
14.666667    0.304667    0.075554
15.000000    0.314949    0.073753
15.333333    0.319819    0.115475
15.666667    0.316356    0.128571
16.000000    0.316089    0.137211
16.333333    0.314192    0.149283
16.666667    0.322549    0.170413
17.000000    0.336251    0.186609
17.333333    0.352052    0.202308
17.666667    0.357656    0.224789
18.000000    0.345891    0.250319
18.333333    0.348521    0.233206
18.666667    0.359951    0.205452
19.000000    0.372529    0.205289
19.333333    0.371318    0.226299
19.666667    0.354069    0.221218
20.000000    0.355835    0.220560
20.333333    0.364770    0.225697
20.666667    0.376427    0.196098
21.000000    0.388044    0.186111
21.333333    0.389682    0.201180
21.666667    0.391707    0.242539
22.000000    0.386797    0.252407
22.333333    0.378407    0.235992
22.666667    0.373517    0.229619
23.000000    0.357405    0.215475
23.333333    0.360342    0.225136
23.666667    0.357433    0.178184
24.000000    0.353898    0.203168
24.333333    0.354507    0.173059
24.666667    0.352543    0.190662
25.000000    0.355747    0.187920
25.333333    0.356767    0.190136
25.666667    0.356496    0.147780
26.000000    0.356799    0.158967
26.333333    0.347605    0.136338
26.666667    0.333329    0.170006
27.000000    0.331560    0.147840
27.333333    0.344205    0.163056
27.666667    0.359170    0.173812
28.000000    0.366459    0.196051
28.333333    0.379902    0.210920
28.666667    0.386777    0.190535
29.000000    0.396644    0.264463
29.333333    0.399988    0.275299
29.666667    0.391515    0.268548
30.000000    0.404432    0.286282
30.333333    0.418097    0.296262
30.666667    0.431392    0.335051
31.000000    0.443408    0.364112
31.333333    0.441539    0.355870
31.666667    0.429017    0.307931
32.000000    0.426443    0.292153
32.333333    0.422963    0.242476
32.666667    0.430958    0.224239
33.000000    0.424223    0.215053
33.333333    0.416750    0.200450
33.666667    0.412374    0.165065
34.000000    0.407305    0.169269
34.333333    0.406699    0.170174
34.666667    0.402582    0.142500
35.000000    0.402176    0.120094
35.333333    0.400339    0.105097
35.666667    0.401427    0.187570
36.000000    0.398860    0.172497
36.333333    0.398808    0.169711
36.666667    0.398091    0.192655
37.000000    0.402040    0.167241
37.333333    0.404499    0.168615
37.666667    0.418165    0.144472
38.000000    0.427208    0.152407
38.333333    0.433262    0.151506
38.666667    0.437952    0.142763
39.000000    0.435019    0.148617
39.333333    0.429826    0.120142
39.666667    0.428340    0.112853
40.000000    0.429511    0.108776
40.333333    0.427017    0.116966
40.666667    0.424566    0.129906
41.000000    0.421581    0.129914
41.333333    0.409760    0.136653
41.666667    0.400606    0.134625
42.000000    0.392065    0.130934
42.333333    0.396604    0.094034
42.666667    0.398490    0.084393
43.000000    0.383214    0.118480
43.333333    0.366882    0.099462
43.666667    0.361549    0.044891
44.000000    0.365288    0.056799
44.333333    0.359138    0.057010
44.666667    0.347274    0.052335
45.000000    0.344118    0.027315
45.333333    0.349558    0.035406
45.666667    0.352005    0.036342
46.000000    0.356353    0.032680
46.333333    0.363546    0.039554
46.666667    0.364403    0.050183
47.000000    0.362598    0.046333
47.333333    0.367958    0.062351
47.666667    0.374374    0.069269
48.000000    0.378396    0.082787
48.333333    0.381293    0.077754
48.666667    0.379898    0.079177
49.000000    0.378906    0.076016
49.333333    0.375705    0.084302
49.666667    0.374028    0.077200
50.000000    0.380966    0.070365
50.333333    0.391551    0.076534
50.666667    0.386398    0.086004
51.000000    0.377347    0.081074
51.333333    0.372932    0.078659
51.666667    0.375143    0.067033
52.000000    0.379181    0.054990
52.333333    0.377395    0.059441
52.666667    0.359896    0.039419
53.000000    0.352315    0.029503
53.333333    0.353643    0.033437
53.666667    0.352451    0.033286
54.000000    0.354762    0.033529
54.333333    0.373035    0.033154
54.666667    0.386043    0.026909
55.000000    0.401339    0.035920
55.333333    0.410497    0.029747
55.666667    0.415599    0.029543
56.000000    0.418496    0.053571
56.333333    0.416958    0.065782
56.666667    0.418233    0.054232
57.000000    0.421330    0.065730
57.333333    0.427260    0.082174
57.666667    0.434079    0.089176
58.000000    0.434178    0.076223
58.333333    0.437343    0.060354
58.666667    0.435601    0.054069
59.000000    0.423549    0.039264
59.333333    0.423199    0.025195
59.666667    0.424374    0.023912
60.000000    0.423083    0.025040
60.333333    0.412849    0.028228
60.666667    0.411753    0.031400
61.000000    0.412976    0.020819
61.333333    0.414068    0.017189
61.666667    0.415897    0.020668
62.000000    0.413255    0.017575
62.333333    0.414825    0.029794
62.666667    0.414893    0.032014
63.000000    0.414837    0.032062
63.333333    0.416874    0.035039
63.666667    0.414969    0.050147
64.000000    0.416703    0.020744
64.333333    0.416651    0.022246
64.666667    0.415830    0.026212
65.000000    0.415296    0.027387
65.333333    0.411980    0.033098
65.666667    0.414144    0.040802
66.000000    0.414989    0.026184
66.333333    0.417045    0.025498
66.666667    0.419743    0.024518
67.000000    0.417161    0.048972
67.333333    0.432002    0.089682
67.666667    0.436673    0.061278
68.000000    0.427618    0.043755
68.333333    0.410868    0.023533
68.666667    0.409995    0.015164
69.000000    0.410414    0.021230
69.333333    0.410023    0.016714
69.666667    0.412179    0.028591
70.000000    0.418751    0.047334
70.333333    0.432453    0.069094
70.666667    0.435302    0.103941
71.000000    0.431659    0.077531
71.333333    0.435912    0.082285
71.666667    0.442862    0.084625
72.000000    0.456145    0.118480
72.333333    0.453017    0.138674
72.666667    0.455858    0.115774
73.000000    0.454129    0.113020
73.333333    0.457170    0.119325
73.666667    0.455340    0.150570
74.000000    0.448681    0.158648
74.333333    0.453670    0.139766
74.666667    0.445748    0.135896
75.000000    0.441663    0.134652
75.333333    0.450052    0.135015
75.666667    0.448227    0.146772
76.000000    0.447553    0.152005
76.333333    0.455121    0.140359
76.666667    0.450020    0.146182
77.000000    0.448167    0.176387
77.333333    0.454906    0.164228
77.666667    0.458604    0.145433
78.000000    0.456942    0.142049
78.333333    0.468572    0.137494
78.666667    0.471417    0.126817
79.000000    0.474207    0.137502
79.333333    0.475693    0.128603
79.666667    0.473095    0.173075
80.000000    0.476546    0.164463
80.333333    0.475036    0.159409
80.666667    0.455149    0.095672
81.000000    0.447039    0.099522
81.333333    0.445249    0.120564
81.666667    0.444668    0.116344
82.000000    0.445186    0.124259
82.333333    0.454834    0.155428
82.666667    0.462068    0.132006
83.000000    0.473119    0.137458
83.333333    0.460709    0.103164
83.666667    0.443807    0.114638
84.000000    0.435693    0.111964
84.333333    0.435856    0.090607
84.666667    0.427885    0.070509
85.000000    0.425410    0.089666
85.333333    0.419046    0.063451
85.666667    0.414877    0.046429
86.000000    0.416631    0.041691
86.333333    0.425351    0.045776
86.666667    0.436813    0.056420
87.000000    0.452064    0.069337
87.333333    0.447513    0.071557
87.666667    0.440120    0.088395
88.000000    0.432512    0.089849
88.333333    0.436789    0.068727
88.666667    0.440108    0.069361
89.000000    0.430093    0.064698
89.333333    0.414523    0.039371
89.666667    0.411247    0.027790
90.000000    0.411737    0.037048
90.333333    0.422091    0.060980
90.666667    0.428411    0.078655
91.000000    0.418456    0.064331
91.333333    0.419612    0.080990
91.666667    0.418767    0.094464
92.000000    0.420839    0.099095
92.333333    0.408604    0.068823
92.666667    0.408106    0.054065
93.000000    0.407293    0.047557
93.333333    0.407915    0.039264
93.666667    0.407034    0.032572
94.000000    0.407182    0.044253
94.333333    0.408481    0.019448
94.666667    0.409445    0.018225
95.000000    0.412626    0.009955
95.333333    0.414722    0.017073
95.666667    0.416459    0.076016
96.000000    0.419807    0.100151
96.333333    0.423637    0.147521
96.666667    0.429113    0.224083
97.000000    0.432915    0.229316
97.333333    0.435055    0.231010
97.666667    0.439375    0.249223
98.000000    0.444739    0.003742
98.333333    0.449677    0.269472
98.666667    0.453543    0.204033
99.000000    0.462374    0.202535
99.333333    0.463080    0.304551
99.666667    0.463044    0.142193
100.000000    0.459441    0.281624
100.333333    0.458461    0.341093
100.666667    0.457540    0.383780
101.000000    0.470524    0.361832
101.333333    0.475000    0.404651
101.666667    0.471182    0.339204
102.000000    0.486047    0.325279
102.333333    0.497553    0.293687
102.666667    0.506807    0.334979
103.000000    0.510625    0.434856
103.333333    0.499426    0.412893
103.666667    0.482054    0.110075
104.000000    0.467974    0.260812
104.333333    0.465057    0.126837
104.666667    0.466782    0.110984
105.000000    0.465750    0.035721
105.333333    0.457054    0.084804
105.666667    0.446644    0.125570
106.000000    0.455420    0.283812
106.333333    0.462777    0.327471
106.666667    0.465929    0.341623
107.000000    0.463255    0.330918
107.333333    0.450510    0.322473
107.666667    0.429878    0.295791
108.000000    0.406034    0.406137
108.333333    0.408768    0.221493
108.666667    0.404930    0.312614
109.000000    0.402144    0.329236
109.333333    0.412366    0.332863
109.666667    0.414586    0.322425
110.000000    0.400845    0.263000
110.333333    0.399163    0.248661
110.666667    0.388622    0.309358
111.000000    0.381110    0.250913
111.333333    0.383007    0.250614
111.666667    0.390666    0.233772
112.000000    0.402830    0.229033
112.333333    0.399849    0.240806
112.666667    0.417806    0.199048
113.000000    0.415714    0.272493
113.333333    0.417456    0.264574
113.666667    0.424988    0.332668
114.000000    0.437873    0.226618
114.333333    0.436641    0.220313
114.666667    0.432971    0.324063
115.000000    0.439036    0.334569
115.333333    0.442527    0.401530
115.666667    0.468879    0.409481
116.000000    0.485816    0.481265
116.333333    0.453591    0.453734
116.666667    0.414144    0.452662
117.000000    0.396533    0.428264
117.333333    0.400462    0.423035
117.666667    0.400112    0.377479
118.000000    0.400096    0.400745
118.333333    0.405400    0.373342
118.666667    0.392492    0.375175
119.000000    0.361418    0.364411
119.333333    0.344556    0.342691
119.666667    0.335641    0.201977
120.000000    0.327634    0.344181
120.333333    0.330707    0.335593
120.666667    0.314168    0.305249
121.000000    0.324912    0.297354
121.333333    0.319771    0.282094
121.666667    0.309664    0.302814
122.000000    0.296764    0.258676
122.333333    0.295592    0.265467
122.666667    0.299657    0.272314
123.000000    0.308301    0.270377
123.333333    0.306281    0.274091
123.666667    0.288941    0.212020
124.000000    0.279898    0.198115
124.333333    0.282397    0.198183
124.666667    0.283664    0.223143
125.000000    0.288454    0.187410
125.333333    0.285936    0.229133
125.666667    0.276132    0.235438
126.000000    0.267886    0.238303
126.333333    0.278144    0.218942
126.666667    0.291081    0.078156
127.000000    0.307592    0.095477
127.333333    0.318352    0.172414
127.666667    0.359358    0.298765
128.000000    0.394333    0.276901
128.333333    0.392249    0.393181
128.666667    0.385581    0.392603
129.000000    0.357935    0.346856
129.333333    0.335804    0.289754
129.666667    0.324362    0.313251
130.000000    0.307580    0.281297
130.333333    0.289837    0.308250
130.666667    0.279747    0.263279
131.000000    0.274382    0.247593
131.333333    0.274394    0.227949
131.666667    0.270927    0.230659
132.000000    0.262111    0.218325
132.333333    0.250821    0.188865
132.666667    0.246330    0.178906
133.000000    0.245819    0.175658
133.333333    0.244002    0.175307
133.666667    0.237897    0.166436
134.000000    0.231934    0.158955
134.333333    0.261087    0.126212
134.666667    0.258397    0.049633
135.000000    0.265543    0.186414
135.333333    0.291212    0.218213
135.666667    0.311442    0.262940
136.000000    0.326893    0.262869
136.333333    0.335529    0.321011
136.666667    0.324366    0.246724
137.000000    0.304145    0.223645
137.333333    0.281512    0.220242
137.666667    0.263817    0.241017
138.000000    0.252351    0.194293
138.333333    0.238251    0.157397
138.666667    0.230117    0.150542
139.000000    0.223916    0.137542
139.333333    0.222916    0.130081
139.666667    0.223780    0.109011
140.000000    0.212016    0.058588
140.333333    0.208106    0.054846
140.666667    0.198844    0.044237
141.000000    0.218221    0.051184
141.333333    0.238857    0.029328
141.666667    0.266946    0.032652
142.000000    0.298015    0.080842
142.333333    0.323422    0.066786
142.666667    0.361649    0.216376
143.000000    0.363466    0.262506
143.333333    0.368109    0.230795
143.666667    0.342504    0.218572
144.000000    0.316551    0.155257
144.333333    0.299940    0.233704
144.666667    0.305850    0.242822
145.000000    0.314889    0.242384
145.333333    0.294711    0.251598
145.666667    0.290204    0.237474
146.000000    0.286733    0.223533
146.333333    0.276243    0.196043
146.666667    0.264080    0.186785
147.000000    0.251622    0.136410
147.333333    0.241619    0.130388
147.666667    0.232162    0.132620
148.000000    0.227288    0.117205
148.333333    0.221206    0.126243
148.666667    0.216093    0.119759
149.000000    0.214064    0.133899
149.333333    0.216675    0.124586
149.666667    0.216766    0.106412
150.000000    0.213618    0.114260
150.333333    0.214307    0.095979
150.666667    0.208939    0.082660
151.000000    0.206265    0.078340
151.333333    0.206237    0.041396
151.666667    0.203746    0.037398
152.000000    0.200247    0.034003
152.333333    0.207544    0.045907
152.666667    0.235123    0.072481
153.000000    0.236004    0.112761
153.333333    0.238965    0.138813
153.666667    0.234039    0.110434
154.000000    0.226678    0.098254
154.333333    0.229575    0.113562
154.666667    0.231608    0.123494
155.000000    0.232684    0.123773
155.333333    0.234505    0.137657
155.666667    0.216842    0.128842
156.000000    0.215838    0.115304
156.333333    0.210940    0.110493
156.666667    0.208760    0.100841
157.000000    0.205906    0.072246
157.333333    0.200331    0.056054
157.666667    0.205356    0.049398
158.000000    0.205165    0.023282
158.333333    0.202670    0.037614
158.666667    0.200359    0.033042
159.000000    0.197856    0.021019
159.333333    0.198211    0.003312
159.666667    0.209641    0.025303
160.000000    0.227901    0.084282
160.333333    0.223525    0.082831
160.666667    0.207194    0.084589
161.000000    0.214267    0.078077
161.333333    0.216356    0.070261
161.666667    0.216105    0.073246
162.000000    0.214770    0.070449
162.333333    0.209493    0.073856
162.666667    0.203081    0.046485
163.000000    0.219173    0.038207
163.333333    0.220608    0.101283
163.666667    0.210011    0.125538
164.000000    0.214088    0.157074
164.333333    0.217364    0.115144
164.666667    0.215798    0.097557
165.000000    0.213893    0.076152
165.333333    0.212048    0.044851
165.666667    0.204476    0.044911
166.000000    0.208824    0.059621
166.333333    0.206317    0.063478
166.666667    0.204687    0.056616
167.000000    0.205552    0.055480
167.333333    0.203758    0.003686
167.666667    0.203021    0.018149
168.000000    0.201881    0.024486
168.333333    0.214614    0.042619
168.666667    0.232285    0.058943
169.000000    0.230831    0.084202
169.333333    0.215973    0.109652
169.666667    0.213451    0.118568
170.000000    0.219452    0.125494
170.333333    0.223219    0.098286
170.666667    0.219397    0.092639
171.000000    0.215320    0.068831
171.333333    0.215423    0.057779
171.666667    0.210701    0.065459
172.000000    0.203415    0.058365
172.333333    0.200733    0.043962
172.666667    0.200646    0.023023
173.000000    0.197669    0.020564
173.333333    0.195202    0.016180
173.666667    0.194831    0.012123
174.000000    0.193568    0.009146
174.333333    0.197003    0.011179
174.666667    0.197111    0.018839
175.000000    0.196692    0.009712
175.333333    0.196485    0.017763
175.666667    0.196326    0.014758
176.000000    0.208525    0.022469
176.333333    0.222366    0.027921
176.666667    0.223322    0.059186
177.000000    0.235521    0.067739
177.333333    0.257791    0.127096
177.666667    0.264798    0.175634
178.000000    0.263112    0.194249
178.333333    0.247190    0.201618
178.666667    0.244703    0.185250
179.000000    0.242543    0.169911
179.333333    0.245038    0.170094
179.666667    0.247091    0.168364
180.000000    0.245174    0.153332
180.333333    0.250594    0.145026
180.666667    0.252634    0.148633
181.000000    0.254396    0.133222
181.333333    0.249578    0.120126
181.666667    0.241703    0.121529
182.000000    0.231616    0.100159
182.333333    0.224374    0.095955
182.666667    0.224032    0.050291
183.000000    0.224338    0.039283
183.333333    0.225179    0.048669
183.666667    0.236852    0.062578
184.000000    0.243839    0.088231
184.333333    0.246545    0.115077
184.666667    0.249597    0.139542
185.000000    0.255998    0.163953
185.333333    0.257484    0.154886
185.666667    0.247505    0.165985
186.000000    0.241312    0.122944
186.333333    0.240571    0.117591
186.666667    0.241348    0.112028
187.000000    0.240395    0.091113
187.333333    0.239722    0.049143
187.666667    0.241631    0.046911
188.000000    0.241910    0.043532
188.333333    0.240694    0.050434
188.666667    0.237885    0.048155
189.000000    0.234541    0.061725
189.333333    0.235286    0.053854
189.666667    0.236896    0.042424
190.000000    0.237717    0.018883
190.333333    0.236968    0.008971
190.666667    0.236677    0.008628
191.000000    0.241758    0.026953
191.333333    0.244205    0.035760
191.666667    0.248270    0.029926
192.000000    0.249645    0.042739
192.333333    0.245218    0.029085
192.666667    0.243181    0.038032
193.000000    0.242802    0.029384
193.333333    0.245034    0.027822
193.666667    0.249378    0.037311
194.000000    0.245784    0.064068
194.333333    0.245768    0.050243
194.666667    0.251666    0.064726
195.000000    0.258907    0.063598
195.333333    0.260673    0.077941
195.666667    0.261884    0.092942
196.000000    0.265782    0.073474
196.333333    0.266611    0.030910
196.666667    0.279320    0.048713
197.000000    0.286191    0.092021
197.333333    0.281799    0.079145
197.666667    0.297425    0.075235
198.000000    0.313311    0.086023
198.333333    0.323314    0.074370
198.666667    0.339566    0.089794
199.000000    0.353802    0.084788
199.333333    0.368544    0.150239
199.666667    0.369401    0.173832
200.000000    0.378443    0.167412
200.333333    0.392934    0.118512
200.666667    0.420166    0.130193
201.000000    0.443432    0.083341
201.333333    0.459421    0.107405
201.666667    0.464339    0.108114
202.000000    0.472362    0.141734
202.333333    0.488474    0.159648
202.666667    0.486546    0.166527
203.000000    0.487490    0.197979
203.333333    0.501654    0.197493
203.666667    0.513176    0.214236
204.000000    0.503635    0.154531
204.333333    0.489873    0.133038
204.666667    0.485039    0.176714
205.000000    0.497928    0.155404
205.333333    0.494405    0.134621
205.666667    0.481524    0.074175
206.000000    0.462825    0.064897
206.333333    0.451502    0.074749
206.666667    0.454643    0.096736
207.000000    0.475837    0.117962
207.333333    0.487657    0.136179
207.666667    0.499665    0.198713
208.000000    0.494417    0.213363
208.333333    0.499243    0.208756
208.666667    0.505057    0.216463
209.000000    0.519357    0.216459
209.333333    0.539622    0.209553
209.666667    0.544879    0.218942
210.000000    0.551483    0.229332
210.333333    0.551092    0.233943
210.666667    0.535298    0.221824
211.000000    0.542771    0.211019
211.333333    0.551618    0.206735
211.666667    0.545612    0.217213
212.000000    0.534481    0.213108
212.333333    0.517571    0.222760
212.666667    0.522330    0.188594
213.000000    0.535350    0.203065
213.333333    0.539718    0.223354
213.666667    0.536932    0.212865
214.000000    0.535549    0.230241
214.333333    0.542846    0.224470
214.666667    0.546648    0.226522
215.000000    0.542946    0.238255
215.333333    0.541997    0.235422
215.666667    0.526845    0.250048
216.000000    0.510198    0.244684
216.333333    0.501626    0.225765
216.666667    0.498585    0.234912
217.000000    0.487478    0.226427
217.333333    0.480157    0.219317
217.666667    0.485565    0.209637
218.000000    0.491069    0.178846
218.333333    0.496031    0.181628
218.666667    0.491372    0.177929
219.000000    0.489256    0.147589
219.333333    0.491926    0.152124
219.666667    0.491121    0.158365
220.000000    0.494377    0.188458
220.333333    0.493811    0.193010
220.666667    0.487390    0.194022
221.000000    0.485828    0.182313
221.333333    0.478300    0.165559
221.666667    0.461988    0.161275
222.000000    0.455113    0.141224
222.333333    0.443157    0.120281
222.666667    0.442169    0.120700
223.000000    0.442775    0.112721
223.333333    0.445345    0.116085
223.666667    0.456608    0.133078
224.000000    0.467109    0.138335
224.333333    0.475945    0.158042
224.666667    0.477901    0.163574
225.000000    0.471601    0.159919
225.333333    0.471274    0.172402
225.666667    0.472696    0.179519
226.000000    0.487554    0.188036
226.333333    0.497808    0.185605
226.666667    0.504723    0.189562
227.000000    0.497382    0.199617
227.333333    0.487319    0.192324
227.666667    0.478706    0.175801
228.000000    0.474980    0.160063
228.333333    0.464630    0.128459
228.666667    0.451877    0.097844
229.000000    0.450407    0.065850
229.333333    0.444974    0.049430
229.666667    0.440694    0.029053
230.000000    0.430699    0.017858
230.333333    0.424215    0.019468
230.666667    0.426522    0.020497
231.000000    0.428455    0.021549
231.333333    0.427630    0.023127
231.666667    0.423661    0.024036
232.000000    0.421457    0.012709
232.333333    0.421899    0.020588
232.666667    0.426738    0.022645
233.000000    0.427048    0.029834
233.333333    0.429312    0.029735
233.666667    0.431281    0.029667
234.000000    0.429862    0.031369
234.333333    0.435067    0.032919
234.666667    0.434525    0.043225
235.000000    0.430388    0.048314
235.333333    0.431743    0.034218
235.666667    0.427164    0.046772
236.000000    0.424199    0.027969
236.333333    0.419911    0.015591
236.666667    0.420564    0.006771
237.000000    0.422059    0.001773
237.333333    0.416966    0.008967
237.666667    0.415993    0.010693
238.000000    0.415714    0.017599
238.333333    0.417492    0.021114
238.666667    0.423928    0.036892
239.000000    0.424502    0.034067
239.333333    0.425693    0.031919
239.666667    0.424063    0.055751
240.000000    0.426650    0.037530
240.333333    0.426965    0.048784
240.666667    0.429631    0.044612
241.000000    0.435693    0.042962
241.333333    0.419365    0.034609
241.666667    0.414008    0.014977
242.000000    0.415304    0.001008
242.333333    0.416196    0.000024
242.666667    0.417249    0.012877
243.000000    0.415993    0.020959
243.333333    0.417599    0.018042
243.666667    0.419855    0.020744
244.000000    0.424498    0.025478
244.333333    0.428651    0.028348
244.666667    0.429747    0.042627
245.000000    0.432684    0.060653
245.333333    0.435194    0.069763
245.666667    0.439096    0.071537
246.000000    0.446170    0.094277
246.333333    0.439351    0.078328
246.666667    0.434732    0.078894
247.000000    0.442795    0.095624
247.333333    0.454762    0.055285
247.666667    0.445712    0.079017
248.000000    0.437446    0.053922
248.333333    0.438243    0.039347
248.666667    0.443376    0.039224
249.000000    0.457476    0.042209
249.333333    0.450809    0.051734
249.666667    0.430412    0.035984
250.000000    0.419676    0.024793
250.333333    0.428631    0.015236
250.666667    0.437167    0.024542
251.000000    0.441025    0.068536
251.333333    0.432648    0.081026
251.666667    0.434844    0.117559
252.000000    0.441479    0.118117
252.333333    0.452842    0.085756
252.666667    0.451088    0.069265
253.000000    0.429487    0.043795
253.333333    0.430854    0.042898
253.666667    0.441416    0.039993
254.000000    0.454731    0.030954
254.333333    0.455197    0.015352
254.666667    0.484816    0.023139
255.000000    0.491834    0.006667
255.333333    0.499247    0.012996
255.666667    0.498541    0.019492
256.000000    0.507512    0.018831
256.333333    0.515069    0.025582
256.666667    0.511119    0.040025
257.000000    0.502786    0.046959
257.333333    0.507556    0.052371
257.666667    0.501698    0.041603
258.000000    0.498466    0.021473
258.333333    0.499067    0.059465
258.666667    0.501562    0.074167
259.000000    0.514702    0.097593
259.333333    0.526710    0.086267
259.666667    0.518229    0.083493
260.000000    0.512606    0.100052
260.333333    0.507791    0.148246
260.666667    0.517077    0.141651
261.000000    0.522952    0.153611
261.333333    0.527264    0.136553
261.666667    0.531385    0.142304
262.000000    0.540184    0.116914
262.333333    0.544444    0.149968
262.666667    0.542982    0.175805
263.000000    0.549864    0.147190
263.333333    0.562873    0.165846
263.666667    0.559142    0.168440
264.000000    0.554097    0.170847
264.333333    0.560007    0.197685
264.666667    0.551247    0.180827
265.000000    0.557823    0.174330
265.333333    0.562490    0.189128
265.666667    0.550518    0.169010
266.000000    0.542157    0.171302
266.333333    0.541324    0.118667
266.666667    0.534545    0.115762
267.000000    0.548641    0.112717
267.333333    0.542603    0.136382
267.666667    0.540634    0.129523
268.000000    0.540088    0.126598
268.333333    0.542145    0.147932
268.666667    0.542069    0.107911
269.000000    0.535410    0.126658
269.333333    0.541364    0.161840
269.666667    0.549099    0.142775
270.000000    0.555037    0.137753
270.333333    0.558529    0.137107
270.666667    0.555209    0.129515
271.000000    0.550120    0.145421
271.333333    0.542428    0.172234
271.666667    0.546640    0.109760
272.000000    0.544632    0.120640
272.333333    0.533684    0.097681
272.666667    0.533967    0.114403
273.000000    0.533720    0.089845
273.333333    0.539160    0.110298
273.666667    0.551566    0.139702
274.000000    0.556763    0.099817
274.333333    0.554276    0.089188
274.666667    0.553862    0.102889
275.000000    0.550984    0.107465
275.333333    0.541902    0.097573
275.666667    0.535358    0.099522
276.000000    0.538036    0.087462
276.333333    0.540874    0.117806
276.666667    0.551929    0.114586
277.000000    0.559031    0.152300
277.333333    0.549143    0.138299
277.666667    0.544225    0.220238
278.000000    0.552327    0.155715
278.333333    0.558074    0.141862
278.666667    0.555464    0.125737
279.000000    0.549761    0.105181
279.333333    0.546381    0.088634
279.666667    0.541065    0.173442
280.000000    0.542280    0.202052
280.333333    0.541296    0.095421
280.666667    0.546039    0.357070
281.000000    0.552160    0.360442
281.333333    0.552722    0.359832
281.666667    0.554639    0.405934
282.000000    0.556464    0.403730
282.333333    0.563622    0.374984
282.666667    0.569919    0.401427
283.000000    0.541993    0.415232
283.333333    0.523960    0.307708
283.666667    0.498031    0.416615
284.000000    0.479177    0.394297
284.333333    0.460430    0.377164
284.666667    0.451925    0.176463
285.000000    0.458688    0.298633
285.333333    0.454029    0.352503
285.666667    0.459214    0.328938
286.000000    0.458309    0.314546
286.333333    0.426809    0.238012
286.666667    0.434585    0.255775
287.000000    0.443388    0.308110
287.333333    0.452184    0.066579
287.666667    0.455695    0.189893
288.000000    0.429607    0.303439
288.333333    0.413694    0.365826
288.666667    0.403698    0.438108
289.000000    0.405380    0.427786
289.333333    0.425614    0.322904
289.666667    0.438080    0.473844
290.000000    0.438945    0.494572
290.333333    0.443871    0.460222
290.666667    0.435856    0.308808
291.000000    0.435398    0.408907
291.333333    0.427280    0.383022
291.666667    0.424338    0.332644
292.000000    0.415559    0.412315
292.333333    0.410884    0.380787
292.666667    0.421668    0.366714
293.000000    0.430077    0.423745
293.333333    0.421039    0.410816
293.666667    0.400837    0.412299
294.000000    0.381440    0.379539
294.333333    0.382564    0.338678
294.666667    0.400072    0.211589
295.000000    0.406345    0.354826
295.333333    0.392033    0.341934
295.666667    0.377594    0.311374
296.000000    0.365615    0.321864
296.333333    0.351662    0.329874
296.666667    0.348689    0.326040
297.000000    0.343811    0.143468
297.333333    0.331628    0.304731
297.666667    0.328236    0.260438
298.000000    0.322158    0.202658
298.333333    0.320062    0.166623
298.666667    0.311601    0.243508
299.000000    0.333138    0.340778
299.333333    0.359114    0.298884
299.666667    0.377068    0.145022
300.000000    0.390292    0.199880
300.333333    0.403204    0.270684
300.666667    0.394536    0.294628
301.000000    0.405890    0.261824
301.333333    0.407205    0.275917
301.666667    0.422541    0.263251
302.000000    0.448765    0.234864
302.333333    0.460784    0.276223
302.666667    0.462602    0.354161
303.000000    0.464929    0.312944
303.333333    0.453603    0.298840
303.666667    0.444464    0.262510
304.000000    0.409569    0.365523
304.333333    0.387948    0.330715
304.666667    0.366910    0.256715
305.000000    0.367300    0.276116
305.333333    0.362653    0.326208
305.666667    0.345409    0.083158
306.000000    0.336239    0.056472
306.333333    0.345516    0.278427
306.666667    0.344181    0.299562
307.000000    0.354193    0.311223
307.333333    0.368360    0.289232
307.666667    0.380735    0.324079
308.000000    0.373015    0.272525
308.333333    0.351032    0.281488
308.666667    0.337203    0.269755
309.000000    0.323474    0.285533
309.333333    0.325303    0.270580
309.666667    0.339248    0.261163
310.000000    0.349940    0.256787
310.333333    0.350474    0.232130
310.666667    0.331584    0.199697
311.000000    0.319672    0.217209
311.333333    0.324239    0.275000
311.666667    0.333843    0.171752
312.000000    0.321505    0.238737
312.333333    0.327499    0.163176
312.666667    0.317504    0.177507
313.000000    0.302818    0.118890
313.333333    0.290790    0.167141
313.666667    0.305376    0.259991
314.000000    0.323450    0.255368
314.333333    0.326538    0.151495
314.666667    0.330281    0.166165
315.000000    0.344357    0.271844
315.333333    0.349936    0.340057
315.666667    0.366320    0.391714
316.000000    0.371939    0.421501
316.333333    0.367420    0.383557
316.666667    0.351981    0.396780
317.000000    0.334784    0.377547
317.333333    0.325701    0.380121
317.666667    0.310350    0.332963
318.000000    0.300968    0.312199
318.333333    0.297525    0.253081
318.666667    0.289152    0.247477
319.000000    0.275167    0.220178
319.333333    0.259282    0.172445
319.666667    0.243691    0.167117
320.000000    0.234637    0.140216
320.333333    0.229539    0.120178
320.666667    0.221696    0.101602
321.000000    0.212570    0.078168
321.333333    0.205233    0.098087
321.666667    0.200594    0.071306
322.000000    0.199733    0.084908
322.333333    0.201618    0.073673
322.666667    0.201674    0.018643
323.000000    0.203667    0.037291
323.333333    0.204599    0.050865
323.666667    0.204623    0.041228
324.000000    0.202459    0.054264
324.333333    0.202108    0.052969
324.666667    0.202933    0.042113
325.000000    0.202750    0.049394
325.333333    0.202921    0.046015
325.666667    0.202598    0.047517
326.000000    0.202371    0.045273
326.333333    0.199227    0.030607
326.666667    0.197322    0.023382
327.000000    0.197095    0.019604
327.333333    0.195218    0.015256
327.666667    0.196246    0.012749
328.000000    0.196513    0.015204
328.333333    0.196326    0.017264
328.666667    0.210908    0.026965
329.000000    0.215543    0.016854
329.333333    0.218038    0.061398
329.666667    0.234174    0.063753
330.000000    0.237386    0.090722
330.333333    0.227021    0.094879
330.666667    0.220457    0.098490
331.000000    0.226809    0.091312
331.333333    0.224530    0.097099
331.666667    0.219715    0.086223
332.000000    0.226439    0.070556
332.333333    0.239503    0.078838
332.666667    0.242978    0.131930
333.000000    0.246521    0.164913
333.333333    0.233003    0.150506
333.666667    0.228280    0.100837
334.000000    0.223406    0.085717
334.333333    0.223777    0.124868
334.666667    0.224119    0.111848
335.000000    0.220445    0.094158
335.333333    0.216579    0.069090
335.666667    0.216774    0.079420
336.000000    0.214124    0.080293
336.333333    0.206357    0.058541
336.666667    0.203802    0.041192
337.000000    0.200407    0.042225
337.333333    0.205516    0.034043
337.666667    0.228949    0.066866
338.000000    0.244915    0.069867
338.333333    0.266208    0.078475
338.666667    0.309904    0.124008
339.000000    0.306440    0.160936
339.333333    0.288347    0.191818
339.666667    0.284876    0.201164
340.000000    0.265475    0.173011
340.333333    0.243014    0.170795
340.666667    0.224143    0.161773
341.000000    0.224490    0.152913
341.333333    0.218376    0.104025
341.666667    0.212175    0.077351
342.000000    0.213379    0.059892
342.333333    0.211298    0.041436
342.666667    0.207668    0.033537
343.000000    0.198286    0.026451
343.333333    0.192543    0.018077
343.666667    0.191412    0.010760
344.000000    0.190021    0.002961
344.333333    0.190359    0.000124
344.666667    0.190615    0.000000
345.000000    0.190794    0.000000
345.333333    0.190917    0.000072
345.666667    0.189961    0.001881
346.000000    0.190435    0.000705
346.333333    0.189427    0.002630
346.666667    0.190049    0.010988
347.000000    0.190180    0.012701
347.333333    0.190439    0.014578
347.666667    0.190579    0.009557
348.000000    0.190212    0.007118
348.333333    0.190878    0.003854
348.666667    0.190682    0.003132
349.000000    0.190722    0.000446
349.333333    0.190858    0.000060
349.666667    0.190280    0.001036
350.000000    0.190547    0.000000
350.333333    0.191308    0.000000
350.666667    0.191997    0.000000
351.000000    0.192516    0.000000
351.333333    0.188686    0.000020
351.666667    0.201363    0.011011
352.000000    0.211793    0.029990
352.333333    0.217169    0.049215
352.666667    0.220907    0.052714
353.000000    0.216280    0.054252
353.333333    0.216113    0.048800
353.666667    0.216200    0.050303
354.000000    0.223952    0.018966
354.333333    0.236494    0.012661
354.666667    0.242555    0.034067
355.000000    0.250889    0.050430
355.333333    0.252826    0.031751
355.666667    0.245616    0.025187
356.000000    0.241089    0.027826
356.333333    0.237901    0.063431
356.666667    0.246286    0.068623
357.000000    0.255340    0.053710
357.333333    0.267456    0.062590
357.666667    0.277949    0.115116
358.000000    0.282457    0.122808
358.333333    0.292057    0.133054
358.666667    0.322780    0.179220
359.000000    0.355324    0.184931
359.333333    0.369269    0.179380
359.666667    0.373964    0.124151
360.000000    0.380540    0.090615
360.333333    0.374570    0.092958
360.666667    0.360832    0.084740
361.000000    0.339176    0.115136
361.333333    0.317735    0.084385
361.666667    0.314391    0.099458
362.000000    0.313825    0.115698
362.333333    0.317500    0.129487
362.666667    0.332620    0.148860
363.000000    0.342444    0.172350
363.333333    0.354850    0.181209
363.666667    0.350681    0.167432
364.000000    0.354404    0.159067
364.333333    0.362610    0.170899
364.666667    0.368512    0.214299
365.000000    0.372876    0.192233
365.333333    0.384549    0.270552
365.666667    0.379850    0.268727
366.000000    0.361824    0.276164
366.333333    0.360848    0.234214
366.666667    0.375004    0.255615
367.000000    0.391922    0.263435
367.333333    0.412363    0.217512
367.666667    0.422334    0.206066
368.000000    0.411055    0.165949
368.333333    0.408652    0.112315
368.666667    0.407182    0.062881
369.000000    0.418297    0.100821
369.333333    0.415750    0.113124
369.666667    0.409525    0.108612
370.000000    0.399259    0.113235
370.333333    0.397704    0.094026
370.666667    0.407269    0.076969
371.000000    0.407907    0.102539
371.333333    0.409704    0.139774
371.666667    0.426212    0.119895
372.000000    0.422928    0.081986
372.333333    0.432851    0.150211
372.666667    0.458258    0.156157
373.000000    0.469990    0.161007
373.333333    0.469365    0.167312
373.666667    0.486247    0.197736
374.000000    0.492870    0.203144
374.333333    0.485928    0.197266
374.666667    0.465734    0.195030
375.000000    0.462095    0.189044
375.333333    0.471756    0.207018
375.666667    0.499239    0.203061
376.000000    0.513518    0.203423
376.333333    0.548673    0.196549
376.666667    0.556560    0.216268
377.000000    0.559154    0.215096
377.333333    0.565180    0.225558
377.666667    0.564136    0.179376
378.000000    0.556014    0.185489
378.333333    0.548780    0.188407
378.666667    0.548856    0.169544
379.000000    0.557652    0.191615
379.333333    0.564933    0.206767
379.666667    0.552072    0.191424
380.000000    0.568954    0.190156
380.333333    0.579663    0.206779
380.666667    0.582923    0.183054
381.000000    0.583270    0.159987
381.333333    0.581082    0.187390
381.666667    0.580787    0.157273
382.000000    0.584896    0.178180
382.333333    0.579097    0.183744

1026
