0.333333    0.012191    0.000000
0.666667    0.012167    0.000000
1.000000    0.012239    0.000000
1.333333    0.012239    0.000000
1.666667    0.012725    0.001216
2.000000    0.012645    0.000937
2.333333    0.012378    0.000100
2.666667    0.012390    0.000000
3.000000    0.012390    0.000554
3.333333    0.012382    0.000000
3.666667    0.012374    0.000000
4.000000    0.012279    0.000000
4.333333    0.012311    0.000000
4.666667    0.012462    0.000000
5.000000    0.012502    0.000000
5.333333    0.012442    0.000000
5.666667    0.012502    0.001152
6.000000    0.012382    0.001522
6.333333    0.012498    0.000972
6.666667    0.012526    0.000000
7.000000    0.012398    0.000000
7.333333    0.012450    0.000000
7.666667    0.012490    0.000000
8.000000    0.012494    0.000000
8.333333    0.012494    0.000000
8.666667    0.012442    0.000000
9.000000    0.012359    0.000000
9.333333    0.013749    0.007620
9.666667    0.023346    0.028256
10.000000    0.022967    0.043249
10.333333    0.012323    0.024063
10.666667    0.012351    0.000000
11.000000    0.015156    0.017260
11.333333    0.045680    0.031225
11.666667    0.042161    0.072461
12.000000    0.023605    0.061916
12.333333    0.033588    0.040300
12.666667    0.034134    0.035968
13.000000    0.026044    0.052873
13.333333    0.013981    0.014311
13.666667    0.015057    0.003045
14.000000    0.033341    0.040694
14.333333    0.063191    0.081819
14.666667    0.062008    0.072960
15.000000    0.048183    0.070174
15.333333    0.034318    0.053798
15.666667    0.012394    0.019767
16.000000    0.012426    0.000893
16.333333    0.023669    0.022975
16.666667    0.041695    0.054910
17.000000    0.025096    0.059087
17.333333    0.012187    0.014411
17.666667    0.012259    0.000000
18.000000    0.012446    0.000000
18.333333    0.012450    0.000000
18.666667    0.022230    0.014092
19.000000    0.048155    0.057771
19.333333    0.043735    0.067731
19.666667    0.015184    0.043520
20.000000    0.025247    0.040798
20.333333    0.053603    0.061119
20.666667    0.054914    0.097294
21.000000    0.025681    0.047318
21.333333    0.012442    0.015208
21.666667    0.016276    0.009170
22.000000    0.018946    0.034812
22.333333    0.021700    0.028013
22.666667    0.041304    0.051395
23.000000    0.062669    0.067563
23.333333    0.056982    0.071792
23.666667    0.062781    0.061127
24.000000    0.070756    0.060370
24.333333    0.059338    0.085657
24.666667    0.041276    0.074613
25.000000    0.044715    0.058158
25.333333    0.050506    0.058309
25.666667    0.033688    0.058078
26.000000    0.043054    0.048705
26.333333    0.054412    0.066077
26.666667    0.031261    0.084262
27.000000    0.024892    0.037490
27.333333    0.039901    0.049601
27.666667    0.044684    0.067854
28.000000    0.028874    0.073231
28.333333    0.015021    0.041958
28.666667    0.023454    0.025331
29.000000    0.020915    0.032357
29.333333    0.026797    0.028288
29.666667    0.050203    0.045349
30.000000    0.040623    0.075562
30.333333    0.028009    0.054798
30.666667    0.028619    0.036318
31.000000    0.026180    0.042771
31.333333    0.025032    0.040344
31.666667    0.014602    0.038757
32.000000    0.023533    0.030085
32.333333    0.043356    0.058401
32.666667    0.064248    0.084031
33.000000    0.070963    0.106297
33.333333    0.048418    0.100032
33.666667    0.026993    0.066902
34.000000    0.040045    0.046007
34.333333    0.057409    0.080564
34.666667    0.059294    0.074422
35.000000    0.054651    0.089283
35.333333    0.053503    0.068803
35.666667    0.043161    0.072222
36.000000    0.025618    0.051566
36.333333    0.033086    0.049717
36.666667    0.052810    0.060713
37.000000    0.042675    0.074657
37.333333    0.016420    0.034708
37.666667    0.025004    0.022625
38.000000    0.046098    0.046740
38.333333    0.049048    0.070465
38.666667    0.023964    0.032237
39.000000    0.025542    0.020875
39.333333    0.038303    0.045887
39.666667    0.058740    0.061263
40.000000    0.039678    0.066942
40.333333    0.016579    0.036848
40.666667    0.011211    0.026196
41.000000    0.011139    0.017619
41.333333    0.016081    0.019078
41.666667    0.027435    0.027048
42.000000    0.042300    0.037347
42.333333    0.051088    0.035928
42.666667    0.060354    0.036354
43.000000    0.069345    0.042579
43.333333    0.073505    0.035709
43.666667    0.073872    0.041679
44.000000    0.068879    0.086135
44.333333    0.040128    0.074697
44.666667    0.013048    0.050291
45.000000    0.016958    0.010605
45.333333    0.030571    0.025064
45.666667    0.024454    0.024948
46.000000    0.011199    0.009226
46.333333    0.011263    0.002826
46.666667    0.011000    0.003172
47.000000    0.010840    0.003073
47.333333    0.010892    0.003117
47.666667    0.011031    0.001881
48.000000    0.011011    0.000100
48.333333    0.011067    0.000231
48.666667    0.011019    0.000072
49.000000    0.011111    0.000000
49.333333    0.011127    0.000000
49.666667    0.018380    0.009389
50.000000    0.030400    0.029384
50.333333    0.035928    0.039650
50.666667    0.021473    0.036625
51.000000    0.012215    0.013885
51.333333    0.020361    0.010187
51.666667    0.034354    0.028232
52.000000    0.037897    0.036868
52.333333    0.021445    0.026542
52.666667    0.011577    0.009178
53.000000    0.018512    0.007337
53.333333    0.027120    0.025785
53.666667    0.011534    0.013698
54.000000    0.011470    0.000000
54.333333    0.011514    0.000000
54.666667    0.011605    0.000028
55.000000    0.011789    0.000068
55.333333    0.011880    0.000000
55.666667    0.012103    0.000076
56.000000    0.012163    0.000120
56.333333    0.012438    0.001132
56.666667    0.012355    0.000678
57.000000    0.012382    0.000339
57.333333    0.012315    0.000275
57.666667    0.012307    0.000570
58.000000    0.012191    0.000000
58.333333    0.012175    0.000048
58.666667    0.011924    0.001622
59.000000    0.011936    0.000000
59.333333    0.018783    0.022067
59.666667    0.033748    0.023725
60.000000    0.025801    0.028985
60.333333    0.011932    0.006859
60.666667    0.011828    0.000088
61.000000    0.011892    0.000088
61.333333    0.011801    0.000000
61.666667    0.011832    0.000000
62.000000    0.011912    0.000327
62.333333    0.011888    0.000442
62.666667    0.011972    0.000670
63.000000    0.012000    0.001311
63.333333    0.012068    0.000917
63.666667    0.011805    0.001578
64.000000    0.011797    0.000606
64.333333    0.011805    0.000335
64.666667    0.011789    0.000068
65.000000    0.011749    0.000052
65.333333    0.011872    0.000108
65.666667    0.011916    0.000048
66.000000    0.011952    0.000060
66.333333    0.011844    0.000084
66.666667    0.011832    0.000000
67.000000    0.011737    0.000120
67.333333    0.011805    0.000223
67.666667    0.011745    0.000000
68.000000    0.011685    0.000000
68.333333    0.011745    0.000000
68.666667    0.029472    0.013933
69.000000    0.038845    0.021628
69.333333    0.013108    0.015690
69.666667    0.011729    0.000000
70.000000    0.011713    0.000000
70.333333    0.011753    0.000036
70.666667    0.011832    0.000438
71.000000    0.011824    0.000000
71.333333    0.011944    0.000000
71.666667    0.011912    0.000052
72.000000    0.011924    0.000000
72.333333    0.011960    0.000000
72.666667    0.011956    0.000000
73.000000    0.011908    0.000000
73.333333    0.011928    0.000000
73.666667    0.011992    0.000000
74.000000    0.011645    0.000000
74.333333    0.011713    0.000000
74.666667    0.011705    0.000000
75.000000    0.011677    0.000000
75.333333    0.011697    0.000000
75.666667    0.011701    0.000000
76.000000    0.011781    0.000000
76.333333    0.011789    0.000000
76.666667    0.011852    0.000000
77.000000    0.011824    0.000000
77.333333    0.011765    0.000016
77.666667    0.011801    0.000000
78.000000    0.011828    0.000000
78.333333    0.011832    0.000000
78.666667    0.011781    0.000000
79.000000    0.011705    0.000016
79.333333    0.011685    0.000000
79.666667    0.011557    0.000195
80.000000    0.011729    0.000000
80.333333    0.014136    0.000000
80.666667    0.014885    0.000000
81.000000    0.014933    0.000000
81.333333    0.014798    0.000000
81.666667    0.012510    0.000000
82.000000    0.012167    0.000000
82.333333    0.011809    0.000000
82.666667    0.011797    0.000000
83.000000    0.011924    0.000000
83.333333    0.011928    0.000000
83.666667    0.011924    0.000000
84.000000    0.011605    0.000000
84.333333    0.011605    0.000000
84.666667    0.011665    0.000000
85.000000    0.011737    0.000000
85.333333    0.011761    0.000000
85.666667    0.011729    0.000000
86.000000    0.011777    0.000000
86.333333    0.011701    0.000000
86.666667    0.011693    0.000000
87.000000    0.012598    0.000000
87.333333    0.014586    0.000000
87.666667    0.013961    0.000000
88.000000    0.012645    0.000000
88.333333    0.012689    0.000000
88.666667    0.012227    0.000000
89.000000    0.011685    0.000000
89.333333    0.011665    0.000000
89.666667    0.011665    0.000000
90.000000    0.011649    0.000000
90.333333    0.011597    0.000000
90.666667    0.011793    0.000036
91.000000    0.011908    0.000000
91.333333    0.011932    0.000000
91.666667    0.012020    0.000000
92.000000    0.011988    0.000000
92.333333    0.011745    0.000000
92.666667    0.011777    0.000000
93.000000    0.011769    0.000000
93.333333    0.011864    0.000000
93.666667    0.011864    0.000000
94.000000    0.011681    0.000000
94.333333    0.011761    0.000000
94.666667    0.011761    0.000000
95.000000    0.011805    0.000000
95.333333    0.011781    0.000000
95.666667    0.011581    0.000024
96.000000    0.011609    0.000024
96.333333    0.011657    0.000052
96.666667    0.012542    0.000076
97.000000    0.014558    0.000000
97.333333    0.015240    0.000040
97.666667    0.015268    0.000151
98.000000    0.015005    0.000462
98.333333    0.013451    0.000000
98.666667    0.012311    0.000000
99.000000    0.012645    0.003081
99.333333    0.012737    0.002383
99.666667    0.013630    0.003073
100.000000    0.015276    0.010824
100.333333    0.016714    0.011271
100.666667    0.017643    0.017065
101.000000    0.018117    0.019982
101.333333    0.018233    0.019277
101.666667    0.017324    0.017914
102.000000    0.017627    0.010944
102.333333    0.015909    0.000869
102.666667    0.014981    0.001857
103.000000    0.014299    0.000291
103.333333    0.012649    0.000518
103.666667    0.012422    0.000056
104.000000    0.011275    0.000000
104.333333    0.011179    0.000000
104.666667    0.011111    0.000000
105.000000    0.011131    0.000000
105.333333    0.011119    0.000000
105.666667    0.011211    0.000000
106.000000    0.011267    0.000000
106.333333    0.011255    0.000000
106.666667    0.011219    0.000000
107.000000    0.011382    0.000008
107.333333    0.011462    0.001020
107.666667    0.011330    0.000112
108.000000    0.011358    0.003555
108.333333    0.011625    0.001973
108.666667    0.011741    0.004519
109.000000    0.012498    0.016073
109.333333    0.013514    0.006492
109.666667    0.013542    0.005253
110.000000    0.012741    0.000422
110.333333    0.012048    0.000996
110.666667    0.011904    0.000705
111.000000    0.011852    0.000000
111.333333    0.011422    0.000080
111.666667    0.011398    0.000000
112.000000    0.011278    0.000000
112.333333    0.011271    0.000000
112.666667    0.011275    0.000000
113.000000    0.011255    0.000000
113.333333    0.011306    0.000000
113.666667    0.011402    0.000000
114.000000    0.011330    0.000000
114.333333    0.011386    0.000000
114.666667    0.011366    0.000000
115.000000    0.011482    0.000000
115.333333    0.012151    0.002228
115.666667    0.012095    0.005623
116.000000    0.012932    0.003762
116.333333    0.013128    0.005069
116.666667    0.012873    0.002029
117.000000    0.012382    0.002188
117.333333    0.013112    0.000132
117.666667    0.013179    0.000000
118.000000    0.013108    0.000000
118.333333    0.012793    0.000000
118.666667    0.012602    0.000000
119.000000    0.011872    0.000000
119.333333    0.011976    0.000000
119.666667    0.011872    0.000000
120.000000    0.011940    0.000000
120.333333    0.011988    0.000004
120.666667    0.012103    0.000000
121.000000    0.012036    0.000000
121.333333    0.011960    0.000434
121.666667    0.012239    0.017691
122.000000    0.016216    0.019377
122.333333    0.021593    0.023625
122.666667    0.027527    0.031106
123.000000    0.027248    0.036426
123.333333    0.022222    0.037243
123.666667    0.014379    0.016260
124.000000    0.011689    0.004982
124.333333    0.011673    0.000000
124.666667    0.011805    0.000000
125.000000    0.011781    0.000000
125.333333    0.011765    0.000000
125.666667    0.012191    0.000000
126.000000    0.012231    0.000000
126.333333    0.012235    0.000000
126.666667    0.012207    0.000000
127.000000    0.012155    0.000000
127.333333    0.011876    0.000000
127.666667    0.011956    0.000000
128.000000    0.011988    0.000000
128.333333    0.011960    0.000000
128.666667    0.012016    0.000000
129.000000    0.012538    0.000048
129.333333    0.012482    0.000080
129.666667    0.012514    0.000391
130.000000    0.012422    0.000096
130.333333    0.012410    0.000311
130.666667    0.011996    0.001000
131.000000    0.012123    0.000275
131.333333    0.012211    0.000964
131.666667    0.012159    0.000693
132.000000    0.012199    0.000502
132.333333    0.012626    0.000147
132.666667    0.012657    0.000012
133.000000    0.012713    0.000036
133.333333    0.012849    0.000000
133.666667    0.012988    0.000000
134.000000    0.013016    0.000000
134.333333    0.012761    0.000000
134.666667    0.012414    0.000000
135.000000    0.012283    0.000167
135.333333    0.012211    0.000000
135.666667    0.011534    0.000000
136.000000    0.011581    0.000000
136.333333    0.011769    0.000000
136.666667    0.012092    0.000000
137.000000    0.012275    0.000000
137.333333    0.012781    0.000076
137.666667    0.012789    0.000219
138.000000    0.012825    0.000000
138.333333    0.012769    0.017260
138.666667    0.013008    0.018420
139.000000    0.021919    0.022027
139.333333    0.035067    0.040710
139.666667    0.034286    0.049430
140.000000    0.015232    0.027885
140.333333    0.012801    0.004384
140.666667    0.012725    0.000020
141.000000    0.017460    0.001977
141.333333    0.018317    0.013267
141.666667    0.012095    0.013829
142.000000    0.011418    0.000000
142.333333    0.011083    0.000000
142.666667    0.011127    0.000000
143.000000    0.011131    0.000000
143.333333    0.011769    0.018109
143.666667    0.012984    0.023697
144.000000    0.013227    0.006046
144.333333    0.012932    0.010549
144.666667    0.011585    0.004786
145.000000    0.011569    0.000000
145.333333    0.011932    0.000000
145.666667    0.012498    0.000000
146.000000    0.012653    0.000000
146.333333    0.012793    0.000303
146.666667    0.012789    0.000000
147.000000    0.012797    0.000000
147.333333    0.012853    0.000426
147.666667    0.013096    0.000339
148.000000    0.013148    0.000964
148.333333    0.013211    0.002435
148.666667    0.013112    0.002778
149.000000    0.012502    0.006349
149.333333    0.012482    0.004727
149.666667    0.012789    0.007568
150.000000    0.012749    0.007811
150.333333    0.012960    0.009230
150.666667    0.013494    0.009178
151.000000    0.013706    0.004743
151.333333    0.013000    0.000945
151.666667    0.012849    0.000000
152.000000    0.012901    0.000367
152.333333    0.014841    0.006098
152.666667    0.017260    0.019333
153.000000    0.024976    0.029093
153.333333    0.022131    0.043890
153.666667    0.018317    0.033668
154.000000    0.013120    0.014124
154.333333    0.012976    0.000000
154.666667    0.012992    0.000000
155.000000    0.012976    0.000159
155.333333    0.012905    0.000116
155.666667    0.013028    0.000076
156.000000    0.012960    0.000000
156.333333    0.013048    0.000000
156.666667    0.012960    0.000032
157.000000    0.013012    0.000000
157.333333    0.012920    0.000060
157.666667    0.012920    0.000000
158.000000    0.012885    0.000000
158.333333    0.012916    0.000000
158.666667    0.012912    0.000000
159.000000    0.012897    0.000000
159.333333    0.012713    0.000000
159.666667    0.012307    0.000000
160.000000    0.012115    0.000000
160.333333    0.012115    0.000000
160.666667    0.011828    0.000000
161.000000    0.011824    0.000000
161.333333    0.012103    0.000028
161.666667    0.012315    0.000084
162.000000    0.012410    0.000000
162.333333    0.012988    0.000000
162.666667    0.013024    0.000000
163.000000    0.013024    0.000000
163.333333    0.013056    0.000000
163.666667    0.013040    0.000000
164.000000    0.013215    0.000000
164.333333    0.013267    0.000418
164.666667    0.013682    0.002423
165.000000    0.013769    0.018807
165.333333    0.013805    0.019620
165.666667    0.015009    0.020684
166.000000    0.014044    0.008373
166.333333    0.013140    0.004567
166.666667    0.013112    0.000379
167.000000    0.013191    0.000215
167.333333    0.013187    0.000000
167.666667    0.013211    0.000000
168.000000    0.012996    0.000000
168.333333    0.012681    0.000000
168.666667    0.012578    0.000000
169.000000    0.012303    0.000159
169.333333    0.012279    0.000231
169.666667    0.012386    0.000000
170.000000    0.012558    0.000000
170.333333    0.012637    0.000060
170.666667    0.013036    0.000008
171.000000    0.012936    0.000000
171.333333    0.012912    0.000000
171.666667    0.012940    0.000000
172.000000    0.013016    0.000000
172.333333    0.013227    0.000000
172.666667    0.013199    0.000000
173.000000    0.013203    0.000000
173.333333    0.013227    0.000052
173.666667    0.013160    0.000339
174.000000    0.013052    0.000550
174.333333    0.013028    0.001220
174.666667    0.013096    0.000817
175.000000    0.013112    0.000000
175.333333    0.013048    0.000000
175.666667    0.013590    0.000000
176.000000    0.014634    0.002236
176.333333    0.015104    0.001247
176.666667    0.015084    0.008254
177.000000    0.014196    0.009027
177.333333    0.014056    0.014000
177.666667    0.014387    0.010912
178.000000    0.014287    0.013128
178.333333    0.013586    0.009003
178.666667    0.012040    0.004579
179.000000    0.012287    0.000000
179.333333    0.012462    0.000000
179.666667    0.012462    0.000000
180.000000    0.012426    0.000000
180.333333    0.012323    0.000000
180.666667    0.012000    0.000143
181.000000    0.012036    0.000175
181.333333    0.012143    0.000195
181.666667    0.012315    0.000546
182.000000    0.012474    0.000000
182.333333    0.012916    0.000000
182.666667    0.012940    0.000000
183.000000    0.012964    0.000000
183.333333    0.013112    0.000000
183.666667    0.013267    0.000000
184.000000    0.013443    0.000072
184.333333    0.013431    0.000012
184.666667    0.013482    0.000139
185.000000    0.013482    0.000000
185.333333    0.013502    0.000024
185.666667    0.013427    0.000048
186.000000    0.013363    0.000000
186.333333    0.013299    0.000124
186.666667    0.013315    0.000247
187.000000    0.013211    0.000000
187.333333    0.013478    0.000271
187.666667    0.013502    0.000179
188.000000    0.013550    0.000323
188.333333    0.013482    0.000666
188.666667    0.013546    0.000438
189.000000    0.013319    0.000462
189.333333    0.013311    0.000143
189.666667    0.013379    0.000060
190.000000    0.013279    0.000000
190.333333    0.013379    0.000000
190.666667    0.013486    0.000000
191.000000    0.013522    0.000000
191.333333    0.013454    0.000000
191.666667    0.013506    0.000000
192.000000    0.013415    0.000016
192.333333    0.013343    0.000068
192.666667    0.013251    0.000044
193.000000    0.022649    0.014722
193.333333    0.014479    0.023824
193.666667    0.013020    0.016794
194.000000    0.013706    0.015367
194.333333    0.014299    0.009047
194.666667    0.022402    0.013518
195.000000    0.017986    0.022768
195.333333    0.013534    0.010091
195.666667    0.013522    0.000000
196.000000    0.013534    0.000000
196.333333    0.013594    0.000000
196.666667    0.013706    0.000000
197.000000    0.013626    0.000000
197.333333    0.012363    0.000000
197.666667    0.012199    0.000000
198.000000    0.017488    0.000829
198.333333    0.018811    0.009680
198.666667    0.021529    0.019835
199.000000    0.024315    0.019409
199.333333    0.018225    0.026849
199.666667    0.023306    0.015563
200.000000    0.020624    0.020214
200.333333    0.025323    0.026670
200.666667    0.043783    0.042165
201.000000    0.040196    0.064845
201.333333    0.015523    0.038287
201.666667    0.018946    0.010812
202.000000    0.033732    0.019046
202.333333    0.036980    0.029388
202.666667    0.019875    0.019233
203.000000    0.011673    0.008417
203.333333    0.011649    0.000000
203.666667    0.011629    0.000000
204.000000    0.011330    0.000000
204.333333    0.011342    0.000000
204.666667    0.021246    0.009577
205.000000    0.044273    0.050032
205.333333    0.072063    0.071035
205.666667    0.049936    0.098390
206.000000    0.018855    0.048039
206.333333    0.032142    0.034198
206.666667    0.061697    0.078212
207.000000    0.054181    0.073382
207.333333    0.021812    0.043233
207.666667    0.011976    0.010167
208.000000    0.011976    0.000000
208.333333    0.012586    0.001279
208.666667    0.028738    0.022202
209.000000    0.028423    0.035565
209.333333    0.014004    0.022437
209.666667    0.018408    0.010884
210.000000    0.013279    0.001375
210.333333    0.021525    0.009892
210.666667    0.020584    0.017687
211.000000    0.016846    0.015013
211.333333    0.040045    0.024135
211.666667    0.050689    0.050996
212.000000    0.024079    0.036745
212.333333    0.024410    0.022665
212.666667    0.045166    0.040033
213.000000    0.036334    0.052025
213.333333    0.014184    0.029635
213.666667    0.012040    0.004499
214.000000    0.019556    0.024574
214.333333    0.044727    0.042842
214.666667    0.034338    0.028308
215.000000    0.039076    0.023234
215.333333    0.042667    0.026060
215.666667    0.051817    0.025183
216.000000    0.057249    0.027033
216.333333    0.055085    0.030189
216.666667    0.045202    0.041463
217.000000    0.050865    0.062012
217.333333    0.072246    0.093137
217.666667    0.082034    0.098761
218.000000    0.077658    0.084923
218.333333    0.086147    0.061900
218.666667    0.092723    0.072696
219.000000    0.072880    0.063247
219.333333    0.057038    0.042201
219.666667    0.043532    0.051877
220.000000    0.040882    0.078643
220.333333    0.049649    0.088885
220.666667    0.046828    0.085067
221.000000    0.041942    0.071995
221.333333    0.029930    0.038231
221.666667    0.027284    0.035099
222.000000    0.042842    0.052571
222.333333    0.046720    0.068380
222.666667    0.049625    0.070473
223.000000    0.052551    0.075020
223.333333    0.045596    0.062717
223.666667    0.031863    0.037279
224.000000    0.013243    0.020429
224.333333    0.012271    0.002060
224.666667    0.012295    0.000000
225.000000    0.012251    0.000000
225.333333    0.012271    0.000000
225.666667    0.018384    0.002834
226.000000    0.036031    0.020684
226.333333    0.038933    0.028742
226.666667    0.025371    0.022453
227.000000    0.012251    0.007548
227.333333    0.012299    0.000048
227.666667    0.016730    0.005532
228.000000    0.030265    0.026526
228.333333    0.043767    0.053037
228.666667    0.044472    0.073800
229.000000    0.042280    0.070572
229.333333    0.048398    0.060808
229.666667    0.064881    0.063383
230.000000    0.076180    0.069309
230.333333    0.086645    0.082532
230.666667    0.093747    0.069181
231.000000    0.070345    0.050155
231.333333    0.033413    0.018811
231.666667    0.012992    0.002084
232.000000    0.012709    0.001152
232.333333    0.012916    0.000275
232.666667    0.012881    0.000271
233.000000    0.012877    0.000418
233.333333    0.012889    0.000000
233.666667    0.012865    0.000000
234.000000    0.012829    0.000000
234.333333    0.012956    0.000084
234.666667    0.012940    0.000279
235.000000    0.012960    0.000116
235.333333    0.012944    0.000000
235.666667    0.012805    0.000227
236.000000    0.012928    0.000100
236.333333    0.012849    0.000056
236.666667    0.020102    0.010426
237.000000    0.018552    0.013474
237.333333    0.012905    0.006034
237.666667    0.012916    0.000120
238.000000    0.012833    0.000921
238.333333    0.012817    0.000526
238.666667    0.012865    0.000586
239.000000    0.012837    0.000534
239.333333    0.012877    0.000375
239.666667    0.012789    0.000833
240.000000    0.016818    0.005448
240.333333    0.017539    0.009461
240.666667    0.012809    0.005360
241.000000    0.012761    0.000343
241.333333    0.012598    0.000000
241.666667    0.016842    0.005500
242.000000    0.030970    0.025136
242.333333    0.013909    0.021373
242.666667    0.012598    0.002383
243.000000    0.012932    0.000000
243.333333    0.012932    0.000000
243.666667    0.012920    0.000223
244.000000    0.012956    0.000163
244.333333    0.012992    0.000068
244.666667    0.012657    0.000315
245.000000    0.012705    0.000187
245.333333    0.012685    0.000020
245.666667    0.012697    0.000000
246.000000    0.012709    0.000000
246.333333    0.012689    0.000000
246.666667    0.012729    0.000000
247.000000    0.013259    0.001730
247.333333    0.019193    0.009385
247.666667    0.013419    0.011263
248.000000    0.020668    0.007891
248.333333    0.041483    0.041455
248.666667    0.014702    0.031731
249.000000    0.012873    0.003380
249.333333    0.012817    0.000000
249.666667    0.013590    0.000434
250.000000    0.028575    0.019146
250.333333    0.038837    0.038096
250.666667    0.021142    0.030380
251.000000    0.019313    0.014244
251.333333    0.012749    0.006767
251.666667    0.012701    0.000000
252.000000    0.012785    0.000000
252.333333    0.012689    0.000000
252.666667    0.012681    0.000000
253.000000    0.012622    0.000000
253.333333    0.028360    0.011928
253.666667    0.038530    0.022848
254.000000    0.019688    0.023350
254.333333    0.013518    0.000805
254.666667    0.032345    0.017376
255.000000    0.057345    0.046242
255.333333    0.031791    0.048944
255.666667    0.015216    0.014483
256.000000    0.015017    0.000000
256.333333    0.015415    0.000000
256.666667    0.015383    0.000000
257.000000    0.017328    0.001769
257.333333    0.033756    0.014782
257.666667    0.024601    0.020684
258.000000    0.015423    0.009258
258.333333    0.015379    0.000000
258.666667    0.015367    0.000048
259.000000    0.015379    0.000000
259.333333    0.015499    0.000000
259.666667    0.015451    0.000100
260.000000    0.015336    0.000000
260.333333    0.015391    0.000000
260.666667    0.015431    0.000000
261.000000    0.015379    0.000000
261.333333    0.015551    0.000000
261.666667    0.015403    0.000000
262.000000    0.015487    0.000000
262.333333    0.015411    0.000000
262.666667    0.015387    0.000000
263.000000    0.015208    0.000000
263.333333    0.015296    0.000000
263.666667    0.015367    0.000000
264.000000    0.015212    0.000000
264.333333    0.015096    0.000000
264.666667    0.015348    0.000024
265.000000    0.015419    0.000000
265.333333    0.015316    0.000000
265.666667    0.015348    0.000000
266.000000    0.016344    0.000000
266.333333    0.018691    0.000000
266.666667    0.019688    0.000000
267.000000    0.019819    0.000000
267.333333    0.019608    0.000000
267.666667    0.017986    0.000000
268.000000    0.016675    0.000000
268.333333    0.016065    0.000000
268.666667    0.015790    0.000000
269.000000    0.015858    0.000000
269.333333    0.015786    0.000000
269.666667    0.015399    0.000020
270.000000    0.015371    0.000000
270.333333    0.015427    0.000000
270.666667    0.015284    0.000000
271.000000    0.015240    0.000000
271.333333    0.015379    0.000666
271.666667    0.015383    0.000000
272.000000    0.015395    0.000000
272.333333    0.015455    0.000000
272.666667    0.015638    0.000000
273.000000    0.015611    0.000000
273.333333    0.015678    0.000000
273.666667    0.015714    0.000000
274.000000    0.015754    0.000000
274.333333    0.015654    0.000052
274.666667    0.015826    0.000227
275.000000    0.015786    0.000048
275.333333    0.015762    0.000020
275.666667    0.015774    0.000000
276.000000    0.015762    0.000000
276.333333    0.015794    0.000076
276.666667    0.016599    0.000000
277.000000    0.016288    0.000040
277.333333    0.016296    0.000000
277.666667    0.016161    0.000000
278.000000    0.015941    0.000155
278.333333    0.015981    0.000088
278.666667    0.015945    0.000016
279.000000    0.015921    0.000000
279.333333    0.015921    0.000000
279.666667    0.015953    0.000080
280.000000    0.016089    0.000000
280.333333    0.018113    0.002515
280.666667    0.024315    0.022541
281.000000    0.025335    0.017978
281.333333    0.024283    0.021800
281.666667    0.019126    0.012558
282.000000    0.016523    0.003272
282.333333    0.016352    0.000363
282.666667    0.015244    0.000960
283.000000    0.012908    0.001243
283.333333    0.012857    0.000048
283.666667    0.012717    0.000000
284.000000    0.012626    0.000096
284.333333    0.012689    0.000952
284.666667    0.012418    0.000391
285.000000    0.012901    0.006022
285.333333    0.013020    0.004109
285.666667    0.013530    0.003734
286.000000    0.012893    0.003850
286.333333    0.012319    0.001343
286.666667    0.011984    0.000753
287.000000    0.011657    0.000000
287.333333    0.011450    0.000000
287.666667    0.011223    0.000000
288.000000    0.010868    0.000000
288.333333    0.010812    0.000000
288.666667    0.010788    0.000000
289.000000    0.010788    0.000000
289.333333    0.010948    0.000000
289.666667    0.011275    0.000000
290.000000    0.011235    0.000000
290.333333    0.011219    0.000000
290.666667    0.011199    0.000000
291.000000    0.011235    0.000000
291.333333    0.011251    0.000000
291.666667    0.011267    0.000000
292.000000    0.011247    0.000000
292.333333    0.011227    0.000000
292.666667    0.011227    0.000000
293.000000    0.011609    0.000000
293.333333    0.011573    0.000000
293.666667    0.011542    0.000000
294.000000    0.011669    0.000136
294.333333    0.011705    0.000040
294.666667    0.011406    0.000112
295.000000    0.011302    0.000000
295.333333    0.011374    0.000000
295.666667    0.011338    0.000000
296.000000    0.011326    0.000000
296.333333    0.011302    0.000000
296.666667    0.011414    0.000060
297.000000    0.011402    0.000000
297.333333    0.011490    0.000000
297.666667    0.011386    0.000000
298.000000    0.011063    0.000020
298.333333    0.011191    0.000199
298.666667    0.011239    0.000000
299.000000    0.011171    0.000147
299.333333    0.011482    0.000000
299.666667    0.011896    0.000124
300.000000    0.012095    0.000430
300.333333    0.012048    0.000323
300.666667    0.011665    0.000000
301.000000    0.011422    0.000000
301.333333    0.010916    0.000000
301.666667    0.011195    0.000183
302.000000    0.011314    0.000662
302.333333    0.011398    0.000387
302.666667    0.011442    0.000000
303.000000    0.011394    0.000000
303.333333    0.011378    0.000000
303.666667    0.011362    0.000618
304.000000    0.011019    0.002076
304.333333    0.010884    0.001491
304.666667    0.011390    0.001088
305.000000    0.011083    0.000897
305.333333    0.011047    0.000000
305.666667    0.010996    0.000000
306.000000    0.011000    0.000000
306.333333    0.011063    0.000000
306.666667    0.011231    0.000024
307.000000    0.011454    0.000303
307.333333    0.011669    0.000937
307.666667    0.011474    0.000064
308.000000    0.011354    0.000000
308.333333    0.011135    0.000000
308.666667    0.011123    0.000000
309.000000    0.011147    0.000000
309.333333    0.011211    0.000000
309.666667    0.011171    0.000104
310.000000    0.011310    0.000319
310.333333    0.011426    0.000279
310.666667    0.011382    0.000000
311.000000    0.011171    0.000000
311.333333    0.011000    0.000000
311.666667    0.010948    0.000000
312.000000    0.011011    0.000000
312.333333    0.010988    0.000000
312.666667    0.011155    0.000008
313.000000    0.011426    0.000000
313.333333    0.011394    0.000000
313.666667    0.011398    0.000000
314.000000    0.011382    0.000000
314.333333    0.011318    0.000000
314.666667    0.011059    0.000000
315.000000    0.011163    0.000000
315.333333    0.011163    0.000000
315.666667    0.011211    0.000000
316.000000    0.011203    0.000000
316.333333    0.011099    0.000016
316.666667    0.011298    0.000000
317.000000    0.011482    0.000024
317.333333    0.011657    0.000064
317.666667    0.011900    0.000024
318.000000    0.012717    0.000000
318.333333    0.012602    0.000132
318.666667    0.012653    0.000016
319.000000    0.012657    0.000016
319.333333    0.012693    0.000000
319.666667    0.012582    0.014176
320.000000    0.015292    0.019070
320.333333    0.023326    0.019656
320.666667    0.023346    0.038498
321.000000    0.014558    0.018867
321.333333    0.012885    0.004312
321.666667    0.012976    0.000375
322.000000    0.012968    0.000626
322.333333    0.013303    0.000032
322.666667    0.013247    0.000434
323.000000    0.013303    0.000701
323.333333    0.013255    0.000574
323.666667    0.013223    0.000602
324.000000    0.013160    0.000697
324.333333    0.013243    0.000586
324.666667    0.013271    0.000558
325.000000    0.013203    0.000506
325.333333    0.013231    0.000602
325.666667    0.013259    0.001088
326.000000    0.013259    0.000375
326.333333    0.013307    0.000000
326.666667    0.013287    0.000000
327.000000    0.013335    0.000000
327.333333    0.013116    0.000000
327.666667    0.013148    0.000000
328.000000    0.013136    0.000000
328.333333    0.013203    0.000000
328.666667    0.013347    0.001945
329.000000    0.015013    0.019560
329.333333    0.016432    0.021581
329.666667    0.017615    0.025155
330.000000    0.015344    0.010944
330.333333    0.012956    0.006707
330.666667    0.012147    0.003487
331.000000    0.012291    0.000000
331.333333    0.012351    0.000765
331.666667    0.013725    0.018197
332.000000    0.014228    0.020859
332.333333    0.015642    0.022565
332.666667    0.014220    0.011609
333.000000    0.013096    0.004256
333.333333    0.013064    0.000000
333.666667    0.013032    0.000000
334.000000    0.013219    0.000000
334.333333    0.013144    0.000000
334.666667    0.013084    0.000000
335.000000    0.012984    0.000000
335.333333    0.013036    0.000000
335.666667    0.012988    0.000080
336.000000    0.012996    0.000008
336.333333    0.012976    0.000000
336.666667    0.012984    0.000000
337.000000    0.013052    0.000000
337.333333    0.012574    0.000000
337.666667    0.012470    0.000000
338.000000    0.012382    0.000000
338.333333    0.012438    0.000000
338.666667    0.012374    0.000000
339.000000    0.012044    0.000024
339.333333    0.012147    0.000000
339.666667    0.012418    0.000000
340.000000    0.012637    0.000000
340.333333    0.012793    0.000000
340.666667    0.013466    0.000068
341.000000    0.013582    0.000000
341.333333    0.013606    0.000231
341.666667    0.013614    0.000323
342.000000    0.013590    0.000000
342.333333    0.013594    0.000000
342.666667    0.013538    0.000000
343.000000    0.013706    0.000000
343.333333    0.013710    0.000000
343.666667    0.013642    0.000000
344.000000    0.013355    0.000132
344.333333    0.013486    0.000000
344.666667    0.013387    0.000084
345.000000    0.013379    0.000040
345.333333    0.013466    0.000255
345.666667    0.013454    0.000243
346.000000    0.013506    0.000096
346.333333    0.013243    0.000347
346.666667    0.013211    0.001845
347.000000    0.013223    0.002304
347.333333    0.013231    0.003503
347.666667    0.013351    0.001419
348.000000    0.013379    0.000371
348.333333    0.013315    0.001132
348.666667    0.013470    0.000825
349.000000    0.013447    0.000446
349.333333    0.013419    0.000303
349.666667    0.013255    0.000084
350.000000    0.013251    0.000000
350.333333    0.013235    0.000000
350.666667    0.013187    0.000000
351.000000    0.013080    0.000000
351.333333    0.012219    0.000000
351.666667    0.012199    0.000000
352.000000    0.012119    0.000000
352.333333    0.012159    0.000000
352.666667    0.012327    0.000594
353.000000    0.012291    0.000088
353.333333    0.012008    0.000000
353.666667    0.012378    0.000000
354.000000    0.012259    0.001227
354.333333    0.012382    0.001662
354.666667    0.012717    0.004747
355.000000    0.012590    0.004081
355.333333    0.012606    0.002009
355.666667    0.013235    0.002467
356.000000    0.013064    0.006022
356.333333    0.013215    0.008931
356.666667    0.013247    0.006524
357.000000    0.013231    0.007660
357.333333    0.013458    0.008425
357.666667    0.012936    0.007899
358.000000    0.012530    0.004914
358.333333    0.012307    0.003172
358.666667    0.012159    0.002351
359.000000    0.012183    0.001116
359.333333    0.012191    0.000518
359.666667    0.012378    0.000291
360.000000    0.012343    0.000116
360.333333    0.012303    0.000100
360.666667    0.016053    0.017595
361.000000    0.034912    0.034569
361.333333    0.058812    0.043978
361.666667    0.078531    0.040359
362.000000    0.079703    0.031747
362.333333    0.049083    0.038562
362.666667    0.014969    0.020409
363.000000    0.014993    0.007839
363.333333    0.015100    0.008493
363.666667    0.014945    0.007217
364.000000    0.016113    0.006986
364.333333    0.034389    0.028834
364.666667    0.030125    0.049813
365.000000    0.013925    0.042177
365.333333    0.015455    0.025697
365.666667    0.016914    0.030595
366.000000    0.015937    0.008927
366.333333    0.031891    0.028595
366.666667    0.050582    0.051937
367.000000    0.029535    0.045118
367.333333    0.021620    0.022971
367.666667    0.012131    0.010721
368.000000    0.017651    0.015838
368.333333    0.031950    0.025120
368.666667    0.044978    0.051184
369.000000    0.042651    0.053670
369.333333    0.019313    0.047477
369.666667    0.022912    0.015009
370.000000    0.027284    0.026598
370.333333    0.027216    0.041591
370.666667    0.049259    0.042316
371.000000    0.044070    0.050235
371.333333    0.021477    0.049713
371.666667    0.017404    0.020401
372.000000    0.022999    0.009991
372.333333    0.015383    0.013164
372.666667    0.033309    0.021525
373.000000    0.037466    0.031895
373.333333    0.014618    0.015890
373.666667    0.019353    0.009481
374.000000    0.020788    0.021461
374.333333    0.015646    0.014267
374.666667    0.012948    0.005412
375.000000    0.024570    0.017217
375.333333    0.041204    0.037103
375.666667    0.041168    0.060155
376.000000    0.019907    0.046047
376.333333    0.018309    0.027363
376.666667    0.035848    0.021804
377.000000    0.053459    0.036952
377.333333    0.073844    0.053655
377.666667    0.101546    0.049107
378.000000    0.102084    0.037099
378.333333    0.089108    0.055607
378.666667    0.068839    0.033632
379.000000    0.058445    0.029695
379.333333    0.060246    0.045592
379.666667    0.051491    0.046062
380.000000    0.043815    0.047979
380.333333    0.054786    0.042145
380.666667    0.073474    0.066436
381.000000    0.095214    0.086741
381.333333    0.105261    0.075020
381.666667    0.101885    0.046676
382.000000    0.109473    0.031062
382.333333    0.101762    0.049645

317
0.5634867829119448
