0.333333    0.166985    0.017149
0.666667    0.162797    0.017619
1.000000    0.161338    0.019520
1.333333    0.171545    0.026658
1.666667    0.178678    0.036227
2.000000    0.183652    0.039949
2.333333    0.181225    0.038953
2.666667    0.178300    0.042165
3.000000    0.176180    0.052104
3.333333    0.179727    0.046373
3.666667    0.182285    0.008174
4.000000    0.184577    0.030476
4.333333    0.184031    0.034449
4.666667    0.181915    0.045393
5.000000    0.180416    0.045915
5.333333    0.182018    0.039092
5.666667    0.184370    0.006588
6.000000    0.185167    0.006604
6.333333    0.181361    0.020002
6.666667    0.184198    0.026829
7.000000    0.187283    0.049988
7.333333    0.191930    0.061131
7.666667    0.198410    0.057767
8.000000    0.205093    0.091065
8.333333    0.212088    0.115503
8.666667    0.221808    0.141304
9.000000    0.234752    0.158254
9.333333    0.238271    0.165176
9.666667    0.249685    0.160015
10.000000    0.260318    0.177351
10.333333    0.268799    0.215355
10.666667    0.279244    0.247944
11.000000    0.277547    0.238144
11.333333    0.267994    0.211968
11.666667    0.275335    0.242041
12.000000    0.278324    0.192001
12.333333    0.268898    0.200462
12.666667    0.263558    0.170807
13.000000    0.270002    0.166312
13.333333    0.270409    0.156612
13.666667    0.267775    0.133329
14.000000    0.262335    0.132022
14.333333    0.256225    0.134477
14.666667    0.238399    0.075088
15.000000    0.228591    0.036235
15.333333    0.232692    0.073478
15.666667    0.240611    0.083230
16.000000    0.237271    0.115838
16.333333    0.232859    0.105396
16.666667    0.233772    0.116806
17.000000    0.240304    0.114778
17.333333    0.250909    0.126522
17.666667    0.261992    0.172043
18.000000    0.268775    0.185023
18.333333    0.271051    0.197728
18.666667    0.279077    0.194994
19.000000    0.283568    0.184461
19.333333    0.286629    0.201694
19.666667    0.285410    0.231285
20.000000    0.283568    0.238004
20.333333    0.272585    0.210964
20.666667    0.277116    0.187745
21.000000    0.292691    0.189240
21.333333    0.303077    0.202060
21.666667    0.325068    0.249693
22.000000    0.338817    0.264758
22.333333    0.349143    0.295855
22.666667    0.354157    0.342866
23.000000    0.356843    0.354029
23.333333    0.336087    0.348709
23.666667    0.318002    0.322079
24.000000    0.310015    0.310031
24.333333    0.291531    0.235621
24.666667    0.276702    0.245449
25.000000    0.275056    0.221031
25.333333    0.286836    0.209784
25.666667    0.286920    0.160414
26.000000    0.290176    0.148191
26.333333    0.281663    0.149789
26.666667    0.278930    0.186191
27.000000    0.268643    0.193719
27.333333    0.264969    0.175024
27.666667    0.263993    0.168149
28.000000    0.271545    0.170656
28.333333    0.282624    0.220333
28.666667    0.288466    0.169899
29.000000    0.287582    0.218101
29.333333    0.292360    0.186502
29.666667    0.291372    0.204707
30.000000    0.295046    0.207951
30.333333    0.297728    0.227284
30.666667    0.311884    0.256237
31.000000    0.317727    0.293596
31.333333    0.321505    0.310143
31.666667    0.327495    0.304539
32.000000    0.327236    0.332620
32.333333    0.319177    0.306938
32.666667    0.310545    0.266105
33.000000    0.314590    0.295668
33.333333    0.321417    0.263327
33.666667    0.318683    0.251566
34.000000    0.314806    0.213447
34.333333    0.317974    0.243986
34.666667    0.305767    0.251714
35.000000    0.298589    0.232205
35.333333    0.302511    0.175383
35.666667    0.306213    0.242763
36.000000    0.309820    0.261470
36.333333    0.292516    0.242456
36.666667    0.280619    0.187649
37.000000    0.285952    0.177531
37.333333    0.295732    0.175028
37.666667    0.292213    0.171728
38.000000    0.289331    0.158895
38.333333    0.293898    0.118233
38.666667    0.290017    0.121748
39.000000    0.296011    0.113012
39.333333    0.290200    0.111027
39.666667    0.296011    0.118584
40.000000    0.303439    0.137020
40.333333    0.316671    0.170206
40.666667    0.334330    0.135629
41.000000    0.349701    0.163829
41.333333    0.355129    0.188359
41.666667    0.369739    0.299016
42.000000    0.365579    0.249482
42.333333    0.354786    0.214662
42.666667    0.346652    0.193580
43.000000    0.327359    0.239172
43.333333    0.295748    0.271019
43.666667    0.264618    0.153403
44.000000    0.246999    0.110394
44.333333    0.247601    0.046202
44.666667    0.231871    0.034306
45.000000    0.223306    0.031197
45.333333    0.223215    0.020261
45.666667    0.225964    0.022677
46.000000    0.229603    0.021413
46.333333    0.235087    0.035884
46.666667    0.237434    0.034545
47.000000    0.236510    0.051789
47.333333    0.240439    0.058297
47.666667    0.246194    0.064347
48.000000    0.248657    0.070556
48.333333    0.251200    0.097912
48.666667    0.254683    0.093843
49.000000    0.259162    0.098386
49.333333    0.266228    0.102702
49.666667    0.256652    0.094385
50.000000    0.251853    0.075701
50.333333    0.251502    0.067858
50.666667    0.257417    0.058130
51.000000    0.254053    0.059190
51.333333    0.238311    0.062167
51.666667    0.235800    0.042049
52.000000    0.238526    0.042938
52.333333    0.237829    0.038490
52.666667    0.243619    0.041718
53.000000    0.232716    0.034051
53.333333    0.222641    0.026291
53.666667    0.223223    0.005755
54.000000    0.224330    0.008592
54.333333    0.230831    0.003491
54.666667    0.230711    0.001522
55.000000    0.235713    0.006297
55.333333    0.238076    0.003423
55.666667    0.239901    0.002606
56.000000    0.241161    0.010701
56.333333    0.240324    0.029679
56.666667    0.241192    0.019923
57.000000    0.242524    0.025100
57.333333    0.244110    0.028017
57.666667    0.250064    0.023462
58.000000    0.253854    0.030986
58.333333    0.256934    0.030181
58.666667    0.258401    0.044058
59.000000    0.265423    0.054440
59.333333    0.253806    0.043157
59.666667    0.241212    0.030133
60.000000    0.240371    0.008317
60.333333    0.236968    0.006317
60.666667    0.236458    0.012299
61.000000    0.237363    0.009362
61.333333    0.237331    0.007815
61.666667    0.238431    0.008911
62.000000    0.238379    0.007046
62.333333    0.239252    0.011681
62.666667    0.237964    0.015571
63.000000    0.238084    0.023262
63.333333    0.238195    0.021616
63.666667    0.237594    0.028571
64.000000    0.237657    0.005133
64.333333    0.237769    0.005623
64.666667    0.237119    0.010513
65.000000    0.236422    0.013626
65.333333    0.235338    0.018898
65.666667    0.235322    0.015507
66.000000    0.235378    0.016013
66.333333    0.236589    0.016914
66.666667    0.238068    0.016730
67.000000    0.237056    0.027730
67.333333    0.253627    0.059023
67.666667    0.258752    0.074414
68.000000    0.264511    0.077104
68.333333    0.263028    0.078734
68.666667    0.248561    0.057381
69.000000    0.241184    0.056078
69.333333    0.246648    0.035262
69.666667    0.244604    0.071915
70.000000    0.245417    0.081747
70.333333    0.248928    0.089949
70.666667    0.251168    0.072298
71.000000    0.256938    0.073199
71.333333    0.258106    0.085418
71.666667    0.257445    0.093093
72.000000    0.258030    0.085920
72.333333    0.260131    0.098517
72.666667    0.256835    0.097621
73.000000    0.252877    0.111175
73.333333    0.256241    0.114264
73.666667    0.250442    0.118851
74.000000    0.245604    0.108700
74.333333    0.245756    0.094026
74.666667    0.241145    0.102618
75.000000    0.241695    0.090160
75.333333    0.248769    0.084533
75.666667    0.243480    0.093990
76.000000    0.244600    0.085948
76.333333    0.248649    0.086597
76.666667    0.250092    0.068779
77.000000    0.254396    0.086027
77.333333    0.251730    0.096967
77.666667    0.254894    0.096417
78.000000    0.257536    0.104117
78.333333    0.259377    0.087052
78.666667    0.256217    0.074872
79.000000    0.255105    0.068619
79.333333    0.253049    0.063060
79.666667    0.245756    0.081345
80.000000    0.246326    0.045353
80.333333    0.255970    0.049952
80.666667    0.261259    0.082484
81.000000    0.257624    0.063044
81.333333    0.257656    0.063781
81.666667    0.257413    0.046509
82.000000    0.253332    0.051514
82.333333    0.252304    0.046931
82.666667    0.251024    0.036589
83.000000    0.250610    0.033282
83.333333    0.246832    0.023119
83.666667    0.244959    0.013387
84.000000    0.239355    0.011992
84.333333    0.236840    0.013905
84.666667    0.235812    0.015256
85.000000    0.238522    0.015427
85.333333    0.241794    0.029260
85.666667    0.248374    0.038769
86.000000    0.252196    0.036083
86.333333    0.251805    0.035589
86.666667    0.255719    0.035780
87.000000    0.256691    0.030026
87.333333    0.254057    0.014997
87.666667    0.249103    0.008445
88.000000    0.248298    0.011462
88.333333    0.247844    0.017109
88.666667    0.247960    0.014515
89.000000    0.248757    0.033947
89.333333    0.247402    0.029842
89.666667    0.249956    0.041097
90.000000    0.255157    0.043926
90.333333    0.248306    0.039714
90.666667    0.247306    0.027654
91.000000    0.242878    0.019488
91.333333    0.241443    0.020536
91.666667    0.243496    0.015515
92.000000    0.244329    0.020273
92.333333    0.242125    0.021433
92.666667    0.243396    0.023215
93.000000    0.242085    0.031867
93.333333    0.243440    0.029145
93.666667    0.242069    0.030408
94.000000    0.242069    0.033405
94.333333    0.242472    0.030161
94.666667    0.242272    0.032014
95.000000    0.241766    0.028308
95.333333    0.241966    0.027734
95.666667    0.240527    0.058018
96.000000    0.242121    0.066165
96.333333    0.244923    0.092133
96.666667    0.249227    0.141212
97.000000    0.254743    0.159963
97.333333    0.255894    0.160278
97.666667    0.258058    0.160342
98.000000    0.260605    0.138124
98.333333    0.260880    0.169807
98.666667    0.260386    0.131373
99.000000    0.262773    0.162243
99.333333    0.258521    0.163841
99.666667    0.257568    0.176690
100.000000    0.259138    0.148697
100.333333    0.260525    0.052742
100.666667    0.259617    0.161207
101.000000    0.261944    0.140116
101.333333    0.262877    0.138355
101.666667    0.257915    0.107429
102.000000    0.260286    0.069285
102.333333    0.260358    0.062586
102.666667    0.256743    0.099948
103.000000    0.246481    0.118121
103.333333    0.235729    0.132194
103.666667    0.231078    0.036733
104.000000    0.226885    0.136916
104.333333    0.225088    0.059393
104.666667    0.228372    0.111414
105.000000    0.227100    0.087861
105.333333    0.230057    0.084732
105.666667    0.232851    0.115905
106.000000    0.244903    0.089590
106.333333    0.249534    0.097075
106.666667    0.249777    0.120831
107.000000    0.248131    0.104579
107.333333    0.240790    0.125060
107.666667    0.235992    0.124386
108.000000    0.231636    0.140547
108.333333    0.233493    0.105233
108.666667    0.229141    0.058194
109.000000    0.228117    0.138825
109.333333    0.233879    0.104934
109.666667    0.239423    0.110928
110.000000    0.230165    0.086526
110.333333    0.216364    0.083660
110.666667    0.208756    0.091463
111.000000    0.218424    0.069281
111.333333    0.228208    0.104308
111.666667    0.232955    0.094106
112.000000    0.232596    0.078388
112.333333    0.232445    0.100060
112.666667    0.232967    0.073769
113.000000    0.239164    0.084274
113.333333    0.248163    0.098709
113.666667    0.247617    0.078017
114.000000    0.244066    0.034896
114.333333    0.249410    0.064981
114.666667    0.248565    0.100438
115.000000    0.245333    0.093715
115.333333    0.239865    0.128523
115.666667    0.241587    0.152025
116.000000    0.229711    0.141487
116.333333    0.220823    0.126467
116.666667    0.220859    0.160366
117.000000    0.228049    0.155731
117.333333    0.249554    0.137976
117.666667    0.254631    0.162159
118.000000    0.248968    0.142524
118.333333    0.246262    0.150793
118.666667    0.245174    0.169421
119.000000    0.231253    0.189833
119.333333    0.230747    0.186271
119.666667    0.234262    0.137000
120.000000    0.229117    0.168341
120.333333    0.223035    0.203140
120.666667    0.213514    0.185657
121.000000    0.212271    0.200893
121.333333    0.209888    0.168440
121.666667    0.212287    0.161334
122.000000    0.206687    0.165555
122.333333    0.202523    0.143994
122.666667    0.203320    0.144831
123.000000    0.207118    0.148254
123.333333    0.201849    0.138674
123.666667    0.201455    0.045716
124.000000    0.203061    0.089427
124.333333    0.198657    0.085354
124.666667    0.198294    0.095596
125.000000    0.196935    0.066200
125.333333    0.201526    0.105914
125.666667    0.190491    0.091970
126.000000    0.187175    0.100020
126.333333    0.181867    0.067512
126.666667    0.181807    0.012821
127.000000    0.184760    0.011211
127.333333    0.182297    0.007720
127.666667    0.193815    0.043105
128.000000    0.220118    0.077108
128.333333    0.216344    0.095126
128.666667    0.203571    0.078009
129.000000    0.192033    0.064172
129.333333    0.186665    0.060143
129.666667    0.187267    0.090053
130.000000    0.187028    0.083839
130.333333    0.185784    0.072278
130.666667    0.183529    0.060681
131.000000    0.183624    0.044528
131.333333    0.185370    0.037343
131.666667    0.186996    0.052288
132.000000    0.185525    0.054408
132.333333    0.182720    0.047027
132.666667    0.181492    0.050108
133.000000    0.182381    0.052559
133.333333    0.182377    0.060087
133.666667    0.180432    0.039658
134.000000    0.175351    0.017197
134.333333    0.181205    0.016734
134.666667    0.185784    0.031739
135.000000    0.191388    0.052180
135.333333    0.196676    0.052399
135.666667    0.191228    0.065272
136.000000    0.194644    0.084381
136.333333    0.190483    0.087865
136.666667    0.183090    0.062167
137.000000    0.183453    0.082182
137.333333    0.190519    0.094552
137.666667    0.188490    0.114399
138.000000    0.192524    0.127909
138.333333    0.194688    0.126861
138.666667    0.200012    0.124478
139.000000    0.195238    0.099781
139.333333    0.185446    0.097844
139.666667    0.175865    0.064997
140.000000    0.175319    0.030029
140.333333    0.177009    0.033724
140.666667    0.174398    0.013805
141.000000    0.170887    0.018906
141.333333    0.166432    0.026909
141.666667    0.163849    0.024633
142.000000    0.169253    0.032194
142.333333    0.165539    0.052662
142.666667    0.172916    0.053236
143.000000    0.180504    0.034573
143.333333    0.186637    0.033278
143.666667    0.168855    0.035649
144.000000    0.163909    0.017416
144.333333    0.171565    0.036980
144.666667    0.178702    0.062928
145.000000    0.178344    0.081512
145.333333    0.169413    0.062406
145.666667    0.170357    0.072043
146.000000    0.172449    0.074593
146.333333    0.172673    0.068604
146.666667    0.174326    0.061669
147.000000    0.173633    0.055528
147.333333    0.173928    0.073219
147.666667    0.173318    0.074693
148.000000    0.173996    0.065431
148.333333    0.172776    0.067412
148.666667    0.172529    0.074888
149.000000    0.171377    0.093165
149.333333    0.172541    0.073418
149.666667    0.174223    0.066531
150.000000    0.172912    0.078515
150.333333    0.175267    0.071632
150.666667    0.176355    0.072222
151.000000    0.176315    0.082146
151.333333    0.172952    0.055508
151.666667    0.171094    0.028284
152.000000    0.170110    0.025283
152.333333    0.167153    0.023374
152.666667    0.170548    0.014120
153.000000    0.173525    0.019799
153.333333    0.170002    0.023294
153.666667    0.165180    0.010103
154.000000    0.163833    0.006815
154.333333    0.169022    0.016320
154.666667    0.167615    0.018133
155.000000    0.170182    0.027567
155.333333    0.166870    0.031540
155.666667    0.163797    0.026949
156.000000    0.163447    0.027865
156.333333    0.164993    0.025407
156.666667    0.164016    0.022665
157.000000    0.162159    0.027909
157.333333    0.164463    0.024135
157.666667    0.167779    0.030448
158.000000    0.166133    0.010254
158.333333    0.165838    0.016005
158.666667    0.164323    0.018863
159.000000    0.162566    0.008003
159.333333    0.160788    0.000000
159.666667    0.179332    0.024876
160.000000    0.195608    0.071186
160.333333    0.179133    0.064670
160.666667    0.159178    0.055643
161.000000    0.159792    0.045799
161.333333    0.163458    0.046055
161.666667    0.167097    0.041292
162.000000    0.167336    0.042392
162.333333    0.168504    0.044413
162.666667    0.164913    0.031285
163.000000    0.179173    0.047716
163.333333    0.178997    0.072673
163.666667    0.170540    0.080372
164.000000    0.165352    0.070174
164.333333    0.162610    0.044090
164.666667    0.161466    0.056504
165.000000    0.161171    0.068193
165.333333    0.161107    0.050012
165.666667    0.164403    0.049502
166.000000    0.171676    0.039782
166.333333    0.168659    0.041810
166.666667    0.167731    0.031923
167.000000    0.167376    0.026124
167.333333    0.167017    0.003025
167.666667    0.166188    0.002371
168.000000    0.169118    0.007229
168.333333    0.181699    0.035501
168.666667    0.189228    0.041491
169.000000    0.172441    0.046365
169.333333    0.162235    0.028965
169.666667    0.160059    0.026877
170.000000    0.163841    0.026498
170.333333    0.166938    0.034330
170.666667    0.169397    0.027511
171.000000    0.169827    0.018213
171.333333    0.170086    0.016675
171.666667    0.166432    0.019225
172.000000    0.161713    0.014766
172.333333    0.160880    0.007636
172.666667    0.161657    0.003866
173.000000    0.161609    0.002861
173.333333    0.162008    0.009206
173.666667    0.162813    0.011613
174.000000    0.164008    0.007174
174.333333    0.165300    0.010258
174.666667    0.164869    0.012370
175.000000    0.164634    0.000295
175.333333    0.164120    0.011171
175.666667    0.164008    0.016631
176.000000    0.169425    0.015523
176.333333    0.174617    0.017659
176.666667    0.172987    0.023242
177.000000    0.185190    0.030408
177.333333    0.191966    0.077188
177.666667    0.193058    0.103252
178.000000    0.180089    0.097314
178.333333    0.169046    0.069213
178.666667    0.166025    0.052602
179.000000    0.171146    0.043580
179.333333    0.175434    0.062343
179.666667    0.180436    0.066364
180.000000    0.189431    0.049829
180.333333    0.193875    0.080133
180.666667    0.191256    0.092767
181.000000    0.190128    0.070513
181.333333    0.188347    0.061163
181.666667    0.186777    0.061661
182.000000    0.184421    0.041842
182.333333    0.183194    0.045764
182.666667    0.185047    0.022382
183.000000    0.187175    0.023131
183.333333    0.188745    0.042205
183.666667    0.188295    0.033855
184.000000    0.186944    0.043627
184.333333    0.189208    0.048402
184.666667    0.190399    0.053798
185.000000    0.190228    0.054129
185.333333    0.189630    0.047585
185.666667    0.186259    0.037462
186.000000    0.184880    0.027567
186.333333    0.184605    0.024099
186.666667    0.184350    0.024199
187.000000    0.181911    0.021760
187.333333    0.181990    0.015415
187.666667    0.182656    0.014088
188.000000    0.182560    0.011211
188.333333    0.183003    0.012976
188.666667    0.182656    0.014634
189.000000    0.181811    0.032700
189.333333    0.182010    0.016101
189.666667    0.182592    0.013797
190.000000    0.182437    0.006480
190.333333    0.183489    0.007803
190.666667    0.184457    0.008828
191.000000    0.187546    0.020532
191.333333    0.188901    0.022549
191.666667    0.192085    0.022856
192.000000    0.193388    0.034158
192.333333    0.195042    0.026283
192.666667    0.190710    0.033824
193.000000    0.190204    0.028854
193.333333    0.189845    0.038179
193.666667    0.190104    0.044644
194.000000    0.189371    0.061055
194.333333    0.184374    0.035202
194.666667    0.184888    0.013116
195.000000    0.186167    0.007740
195.333333    0.189977    0.023868
195.666667    0.190686    0.036290
196.000000    0.193070    0.052790
196.333333    0.196939    0.032712
196.666667    0.204491    0.066567
197.000000    0.209206    0.088722
197.333333    0.207484    0.070827
197.666667    0.213064    0.095835
198.000000    0.213383    0.098498
198.333333    0.214459    0.063371
198.666667    0.217101    0.079499
199.000000    0.210780    0.101060
199.333333    0.214108    0.106066
199.666667    0.216679    0.113598
200.000000    0.225151    0.089148
200.333333    0.227347    0.065686
200.666667    0.229081    0.063797
201.000000    0.241902    0.056476
201.333333    0.250697    0.087893
201.666667    0.245740    0.075247
202.000000    0.249036    0.108325
202.333333    0.263881    0.096581
202.666667    0.264176    0.128527
203.000000    0.266934    0.181117
203.333333    0.280081    0.192512
203.666667    0.293823    0.196891
204.000000    0.310681    0.098565
204.333333    0.303268    0.189897
204.666667    0.304288    0.201738
205.000000    0.303726    0.171023
205.333333    0.298322    0.119305
205.666667    0.281835    0.101893
206.000000    0.274283    0.064283
206.333333    0.264554    0.117376
206.666667    0.258325    0.124311
207.000000    0.264256    0.095218
207.333333    0.270365    0.116392
207.666667    0.281440    0.133206
208.000000    0.289658    0.145851
208.333333    0.284250    0.147453
208.666667    0.288694    0.148007
209.000000    0.298884    0.143384
209.333333    0.313474    0.146393
209.666667    0.319628    0.173749
210.000000    0.319161    0.166304
210.333333    0.323980    0.170987
210.666667    0.328758    0.178340
211.000000    0.327017    0.168333
211.333333    0.328172    0.158385
211.666667    0.336832    0.161055
212.000000    0.334330    0.187080
212.333333    0.322772    0.207333
212.666667    0.325865    0.182397
213.000000    0.349227    0.209246
213.333333    0.367707    0.234637
213.666667    0.381624    0.270257
214.000000    0.388949    0.288454
214.333333    0.405627    0.305085
214.666667    0.425885    0.320580
215.000000    0.428053    0.329336
215.333333    0.421537    0.359641
215.666667    0.407963    0.373705
216.000000    0.383018    0.363355
216.333333    0.362861    0.378722
216.666667    0.354495    0.365276
217.000000    0.352686    0.335864
217.333333    0.345361    0.347318
217.666667    0.343157    0.317595
218.000000    0.332130    0.317209
218.333333    0.325646    0.307967
218.666667    0.326419    0.299087
219.000000    0.313048    0.231683
219.333333    0.311259    0.250745
219.666667    0.313072    0.245548
220.000000    0.310796    0.187721
220.333333    0.306556    0.207604
220.666667    0.302614    0.210493
221.000000    0.297051    0.194831
221.333333    0.302666    0.183608
221.666667    0.304240    0.186247
222.000000    0.292312    0.221477
222.333333    0.280073    0.187948
222.666667    0.267771    0.152547
223.000000    0.260992    0.109481
223.333333    0.263977    0.075044
223.666667    0.270297    0.074940
224.000000    0.276383    0.078160
224.333333    0.280548    0.088913
224.666667    0.285740    0.115945
225.000000    0.291220    0.115069
225.333333    0.296724    0.128168
225.666667    0.293237    0.136366
226.000000    0.297501    0.157592
226.333333    0.302292    0.145345
226.666667    0.312414    0.165742
227.000000    0.319568    0.182217
227.333333    0.319628    0.198310
227.666667    0.317424    0.198370
228.000000    0.318715    0.205293
228.333333    0.328838    0.213702
228.666667    0.346326    0.248896
229.000000    0.345556    0.229149
229.333333    0.341479    0.233134
229.666667    0.330165    0.185872
230.000000    0.303272    0.144261
230.333333    0.278507    0.090427
230.666667    0.253089    0.079707
231.000000    0.239925    0.035454
231.333333    0.236972    0.019389
231.666667    0.235282    0.011318
232.000000    0.234023    0.010740
232.333333    0.235083    0.010322
232.666667    0.237992    0.011709
233.000000    0.236346    0.011478
233.333333    0.236091    0.004069
233.666667    0.236378    0.001526
234.000000    0.232771    0.006803
234.333333    0.236294    0.008393
234.666667    0.237681    0.018635
235.000000    0.238343    0.018731
235.333333    0.238558    0.011948
235.666667    0.238578    0.015738
236.000000    0.240200    0.014419
236.333333    0.238267    0.017245
236.666667    0.232576    0.009198
237.000000    0.232604    0.000960
237.333333    0.231185    0.004205
237.666667    0.231205    0.002543
238.000000    0.233995    0.013853
238.333333    0.235226    0.016324
238.666667    0.237697    0.026550
239.000000    0.239331    0.020178
239.333333    0.242129    0.026403
239.666667    0.245560    0.046429
240.000000    0.246696    0.054173
240.333333    0.240953    0.052268
240.666667    0.241707    0.042703
241.000000    0.246995    0.044632
241.333333    0.249681    0.044002
241.666667    0.233034    0.024362
242.000000    0.230444    0.010266
242.333333    0.230077    0.000000
242.666667    0.230006    0.000040
243.000000    0.229356    0.002005
243.333333    0.229679    0.002088
243.666667    0.230978    0.005583
244.000000    0.232034    0.003487
244.333333    0.234927    0.003957
244.666667    0.235729    0.011534
245.000000    0.237972    0.020863
245.333333    0.238319    0.040001
245.666667    0.240965    0.055344
246.000000    0.247497    0.071381
246.333333    0.248474    0.054970
246.666667    0.250662    0.068392
247.000000    0.255496    0.078085
247.333333    0.258931    0.062518
247.666667    0.263419    0.085410
248.000000    0.251738    0.063351
248.333333    0.247214    0.040077
248.666667    0.250897    0.037259
249.000000    0.259923    0.036095
249.333333    0.268273    0.048844
249.666667    0.254404    0.053360
250.000000    0.240017    0.032010
250.333333    0.238710    0.020257
250.666667    0.237594    0.017866
251.000000    0.243990    0.031891
251.333333    0.242806    0.047449
251.666667    0.244783    0.057720
252.000000    0.249737    0.078898
252.333333    0.259840    0.094189
252.666667    0.265487    0.097318
253.000000    0.260378    0.082863
253.333333    0.246194    0.069305
253.666667    0.251917    0.066495
254.000000    0.266555    0.052395
254.333333    0.268046    0.042484
254.666667    0.268412    0.052969
255.000000    0.268675    0.039786
255.333333    0.270839    0.038526
255.666667    0.268930    0.051845
256.000000    0.279735    0.047760
256.333333    0.287183    0.064128
256.666667    0.285465    0.068225
257.000000    0.267862    0.058600
257.333333    0.268062    0.064885
257.666667    0.266507    0.065901
258.000000    0.272310    0.059708
258.333333    0.273597    0.070373
258.666667    0.274107    0.089248
259.000000    0.271780    0.095417
259.333333    0.275319    0.085685
259.666667    0.271027    0.069560
260.000000    0.268508    0.093883
260.333333    0.260214    0.100235
260.666667    0.264499    0.095732
261.000000    0.268839    0.084740
261.333333    0.269484    0.082684
261.666667    0.280177    0.055205
262.000000    0.286322    0.073948
262.333333    0.286625    0.099657
262.666667    0.291276    0.104671
263.000000    0.293456    0.099649
263.333333    0.298836    0.106289
263.666667    0.295421    0.102001
264.000000    0.295903    0.096736
264.333333    0.289323    0.107544
264.666667    0.280691    0.088933
265.000000    0.279739    0.078176
265.333333    0.273175    0.098171
265.666667    0.274761    0.063279
266.000000    0.278786    0.066001
266.333333    0.289032    0.064973
266.666667    0.289706    0.048972
267.000000    0.288172    0.108923
267.333333    0.290459    0.101307
267.666667    0.288610    0.061271
268.000000    0.280711    0.080157
268.333333    0.275478    0.078778
268.666667    0.280304    0.042695
269.000000    0.275522    0.040304
269.333333    0.278611    0.066025
269.666667    0.280113    0.052463
270.000000    0.290415    0.067141
270.333333    0.294193    0.074079
270.666667    0.289128    0.078296
271.000000    0.287964    0.076323
271.333333    0.269476    0.078467
271.666667    0.271106    0.048294
272.000000    0.276491    0.037331
272.333333    0.278396    0.038973
272.666667    0.282644    0.057361
273.000000    0.279256    0.050925
273.333333    0.282110    0.041523
273.666667    0.286099    0.032732
274.000000    0.284816    0.028726
274.333333    0.282544    0.018707
274.666667    0.283003    0.018811
275.000000    0.283923    0.016790
275.333333    0.281496    0.014264
275.666667    0.282736    0.031779
276.000000    0.284222    0.041551
276.333333    0.281915    0.036781
276.666667    0.285912    0.038981
277.000000    0.282449    0.033839
277.333333    0.280177    0.025506
277.666667    0.278575    0.024135
278.000000    0.281803    0.021879
278.333333    0.285768    0.035031
278.666667    0.290539    0.036139
279.000000    0.295959    0.020704
279.333333    0.299215    0.040830
279.666667    0.302582    0.063008
280.000000    0.302144    0.075602
280.333333    0.293994    0.085310
280.666667    0.287546    0.129224
281.000000    0.286067    0.117436
281.333333    0.284377    0.114730
281.666667    0.287263    0.120979
282.000000    0.290507    0.110541
282.333333    0.292551    0.122971
282.666667    0.288000    0.116858
283.000000    0.259585    0.109509
283.333333    0.249259    0.106950
283.666667    0.240375    0.077658
284.000000    0.237952    0.106177
284.333333    0.238466    0.087530
284.666667    0.243201    0.045325
285.000000    0.242380    0.047760
285.333333    0.233309    0.039674
285.666667    0.233947    0.074103
286.000000    0.236414    0.105029
286.333333    0.236063    0.075163
286.666667    0.243894    0.091077
287.000000    0.243157    0.075215
287.333333    0.243982    0.030882
287.666667    0.247154    0.067703
288.000000    0.239032    0.095194
288.333333    0.237095    0.106022
288.666667    0.232066    0.118217
289.000000    0.236263    0.124462
289.333333    0.242440    0.077941
289.666667    0.239451    0.109904
290.000000    0.228786    0.145469
290.333333    0.225355    0.095238
290.666667    0.220748    0.085446
291.000000    0.218560    0.086777
291.333333    0.212446    0.079978
291.666667    0.215196    0.071158
292.000000    0.217392    0.079723
292.333333    0.228009    0.081711
292.666667    0.235330    0.093918
293.000000    0.219536    0.116021
293.333333    0.214750    0.107110
293.666667    0.212725    0.080568
294.000000    0.211478    0.084449
294.333333    0.218241    0.057050
294.666667    0.222198    0.028312
295.000000    0.218667    0.080727
295.333333    0.211617    0.093596
295.666667    0.209633    0.074633
296.000000    0.206512    0.078938
296.333333    0.199976    0.088271
296.666667    0.206731    0.045010
297.000000    0.203882    0.038674
297.333333    0.198250    0.065913
297.666667    0.193177    0.037486
298.000000    0.187123    0.087940
298.333333    0.194130    0.045154
298.666667    0.200000    0.084015
299.000000    0.213594    0.106181
299.333333    0.224705    0.097031
299.666667    0.235274    0.096122
300.000000    0.236569    0.100211
300.333333    0.238566    0.000602
300.666667    0.243827    0.070238
301.000000    0.238371    0.087637
301.333333    0.216336    0.102929
301.666667    0.220680    0.073063
302.000000    0.238435    0.025945
302.333333    0.240846    0.080245
302.666667    0.234238    0.074016
303.000000    0.229830    0.092743
303.333333    0.224191    0.122983
303.666667    0.212307    0.078906
304.000000    0.213809    0.088415
304.333333    0.216248    0.110230
304.666667    0.219173    0.060163
305.000000    0.216364    0.093424
305.333333    0.205241    0.100343
305.666667    0.199183    0.027375
306.000000    0.199980    0.018667
306.333333    0.207269    0.070540
306.666667    0.215467    0.090674
307.000000    0.227471    0.138271
307.333333    0.234067    0.136912
307.666667    0.239630    0.133824
308.000000    0.235637    0.147075
308.333333    0.221373    0.119719
308.666667    0.207847    0.065989
309.000000    0.200040    0.059967
309.333333    0.207640    0.091671
309.666667    0.208289    0.082528
310.000000    0.209130    0.098163
310.333333    0.202622    0.061139
310.666667    0.199067    0.047174
311.000000    0.199761    0.092615
311.333333    0.215467    0.122529
311.666667    0.220803    0.078722
312.000000    0.211079    0.079743
312.333333    0.202048    0.056986
312.666667    0.203822    0.098270
313.000000    0.202491    0.042480
313.333333    0.199633    0.066978
313.666667    0.191145    0.065272
314.000000    0.185410    0.053029
314.333333    0.184274    0.019759
314.666667    0.186852    0.010414
315.000000    0.195393    0.057779
315.333333    0.210501    0.110673
315.666667    0.222011    0.145815
316.000000    0.215730    0.135832
316.333333    0.202885    0.140491
316.666667    0.182732    0.126654
317.000000    0.183293    0.127531
317.333333    0.183521    0.128818
317.666667    0.182433    0.104141
318.000000    0.189423    0.115878
318.333333    0.188191    0.109397
318.666667    0.186131    0.075646
319.000000    0.181333    0.095644
319.333333    0.181839    0.071919
319.666667    0.182680    0.079296
320.000000    0.182931    0.074944
320.333333    0.173063    0.068185
320.666667    0.165268    0.039917
321.000000    0.163542    0.016165
321.333333    0.163084    0.024693
321.666667    0.162685    0.022541
322.000000    0.163395    0.023745
322.333333    0.164734    0.025020
322.666667    0.165758    0.022689
323.000000    0.166619    0.033218
323.333333    0.166651    0.036888
323.666667    0.166296    0.042906
324.000000    0.166165    0.051706
324.333333    0.166296    0.048900
324.666667    0.167001    0.038993
325.000000    0.166822    0.046561
325.333333    0.167137    0.047796
325.666667    0.166611    0.042288
326.000000    0.167153    0.047716
326.333333    0.168364    0.038191
326.666667    0.169572    0.039092
327.000000    0.169596    0.053973
327.333333    0.166934    0.059768
327.666667    0.168954    0.050347
328.000000    0.169094    0.060772
328.333333    0.175490    0.084605
328.666667    0.187187    0.119703
329.000000    0.185155    0.040870
329.333333    0.190451    0.141962
329.666667    0.196549    0.117850
330.000000    0.179711    0.087259
330.333333    0.171728    0.061565
330.666667    0.163574    0.070987
331.000000    0.160318    0.055671
331.333333    0.159812    0.052698
331.666667    0.158118    0.060960
332.000000    0.172665    0.069783
332.333333    0.189650    0.068867
332.666667    0.190025    0.099749
333.000000    0.183202    0.093380
333.333333    0.174916    0.053571
333.666667    0.173561    0.034660
334.000000    0.169711    0.034987
334.333333    0.167683    0.040391
334.666667    0.166858    0.024992
335.000000    0.164578    0.017197
335.333333    0.164439    0.015882
335.666667    0.167946    0.029460
336.000000    0.165642    0.033529
336.333333    0.163411    0.032473
336.666667    0.164778    0.012363
337.000000    0.163606    0.009900
337.333333    0.158293    0.011183
337.666667    0.157524    0.009708
338.000000    0.156994    0.010601
338.333333    0.161286    0.009130
338.666667    0.166045    0.008449
339.000000    0.164582    0.006871
339.333333    0.163929    0.006584
339.666667    0.157337    0.006181
340.000000    0.156412    0.002443
340.333333    0.157353    0.001594
340.666667    0.162789    0.018432
341.000000    0.162590    0.010318
341.333333    0.162606    0.005026
341.666667    0.161972    0.001614
342.000000    0.162088    0.000000
342.333333    0.160342    0.002212
342.666667    0.160087    0.000984
343.000000    0.160589    0.003690
343.333333    0.161346    0.003105
343.666667    0.161159    0.004484
344.000000    0.159091    0.005300
344.333333    0.159425    0.003953
344.666667    0.159708    0.007835
345.000000    0.159856    0.005344
345.333333    0.160693    0.000654
345.666667    0.159704    0.003403
346.000000    0.159951    0.001514
346.333333    0.156915    0.010274
346.666667    0.157217    0.015734
347.000000    0.157919    0.013801
347.333333    0.158202    0.009664
347.666667    0.158174    0.003292
348.000000    0.157445    0.002495
348.333333    0.157815    0.007305
348.666667    0.157580    0.005755
349.000000    0.157476    0.001004
349.333333    0.157720    0.000159
349.666667    0.156640    0.000275
350.000000    0.157209    0.000383
350.333333    0.157851    0.000578
350.666667    0.157696    0.000000
351.000000    0.157740    0.000000
351.333333    0.152463    0.002084
351.666667    0.153121    0.005209
352.000000    0.155257    0.007090
352.333333    0.157018    0.008752
352.666667    0.154177    0.003842
353.000000    0.148378    0.002104
353.333333    0.148984    0.000379
353.666667    0.154595    0.003930
354.000000    0.162877    0.008138
354.333333    0.167930    0.019249
354.666667    0.171118    0.027917
355.000000    0.171453    0.047266
355.333333    0.166320    0.035374
355.666667    0.162119    0.022525
356.000000    0.158242    0.018348
356.333333    0.161275    0.039901
356.666667    0.165798    0.052678
357.000000    0.173816    0.044062
357.333333    0.183461    0.056911
357.666667    0.183963    0.068213
358.000000    0.194022    0.063634
358.333333    0.207002    0.092567
358.666667    0.227698    0.120361
359.000000    0.249450    0.131974
359.333333    0.263490    0.171461
359.666667    0.269943    0.127822
360.000000    0.283736    0.100522
360.333333    0.301359    0.110729
360.666667    0.323816    0.183724
361.000000    0.331325    0.258226
361.333333    0.310924    0.242787
361.666667    0.281161    0.197481
362.000000    0.253005    0.171971
362.333333    0.229703    0.139802
362.666667    0.231911    0.140882
363.000000    0.233943    0.105823
363.333333    0.242711    0.155181
363.666667    0.249709    0.155081
364.000000    0.244098    0.112821
364.333333    0.242926    0.109190
364.666667    0.246401    0.115933
365.000000    0.251184    0.073450
365.333333    0.260358    0.120242
365.666667    0.268894    0.145656
366.000000    0.261035    0.178822
366.333333    0.251706    0.125693
366.666667    0.244831    0.101590
367.000000    0.252375    0.112275
367.333333    0.269739    0.105815
367.666667    0.285577    0.127025
368.000000    0.272505    0.139933
368.333333    0.259700    0.122928
368.666667    0.260055    0.125941
369.000000    0.274119    0.122286
369.333333    0.276801    0.087801
369.666667    0.276160    0.104643
370.000000    0.274498    0.140634
370.333333    0.264212    0.132572
370.666667    0.256679    0.080460
371.000000    0.255727    0.073478
371.333333    0.252236    0.097780
371.666667    0.260266    0.107441
372.000000    0.267886    0.098828
372.333333    0.267157    0.089232
372.666667    0.274087    0.090128
373.000000    0.279986    0.087936
373.333333    0.281644    0.087223
373.666667    0.287598    0.123123
374.000000    0.298525    0.143432
374.333333    0.310936    0.157285
374.666667    0.313056    0.193608
375.000000    0.302128    0.198685
375.333333    0.311059    0.198944
375.666667    0.349729    0.211111
376.000000    0.377427    0.261789
376.333333    0.412753    0.302423
376.666667    0.424653    0.313092
377.000000    0.422274    0.348685
377.333333    0.412247    0.281070
377.666667    0.396680    0.276977
378.000000    0.374271    0.257991
378.333333    0.353615    0.269321
378.666667    0.346357    0.221333
379.000000    0.354758    0.217149
379.333333    0.374107    0.215965
379.666667    0.389542    0.243289
380.000000    0.415890    0.267037
380.333333    0.432018    0.321210
380.666667    0.438889    0.315846
381.000000    0.437634    0.274673
381.333333    0.428842    0.285003
381.666667    0.410493    0.299649
382.000000    0.409118    0.287402
382.333333    0.391978    0.260721

662
0.35296126678291145
