0.333333    0.078878    0.000000
0.666667    0.081612    0.002857
1.000000    0.081667    0.006353
1.333333    0.084262    0.006341
1.666667    0.079719    0.005862
2.000000    0.079719    0.000271
2.333333    0.079986    0.000765
2.666667    0.085705    0.009541
3.000000    0.089925    0.021533
3.333333    0.089714    0.022641
3.666667    0.087036    0.004671
4.000000    0.083780    0.022581
4.333333    0.081616    0.015634
4.666667    0.079165    0.012897
5.000000    0.079244    0.001566
5.333333    0.079320    0.000000
5.666667    0.078985    0.000000
6.000000    0.078981    0.000000
6.333333    0.080300    0.001443
6.666667    0.085430    0.007329
7.000000    0.091647    0.046365
7.333333    0.099434    0.031795
7.666667    0.100602    0.029380
8.000000    0.098900    0.053364
8.333333    0.100701    0.060752
8.666667    0.095457    0.069436
9.000000    0.098458    0.059047
9.333333    0.107090    0.081548
9.666667    0.115348    0.085246
10.000000    0.118153    0.092105
10.333333    0.126475    0.107616
10.666667    0.137040    0.130544
11.000000    0.143739    0.185633
11.333333    0.135569    0.140706
11.666667    0.120002    0.130544
12.000000    0.132732    0.112602
12.333333    0.140654    0.136430
12.666667    0.137036    0.117958
13.000000    0.133182    0.124307
13.333333    0.136075    0.132899
13.666667    0.146923    0.126335
14.000000    0.142272    0.119165
14.333333    0.136239    0.111191
14.666667    0.136302    0.087227
15.000000    0.114080    0.050175
15.333333    0.097924    0.060681
15.666667    0.101367    0.052240
16.000000    0.105595    0.076817
16.333333    0.098653    0.059142
16.666667    0.092408    0.056791
17.000000    0.093926    0.046585
17.333333    0.102670    0.048079
17.666667    0.110988    0.079926
18.000000    0.120194    0.106994
18.333333    0.133018    0.109748
18.666667    0.144078    0.141910
19.000000    0.140324    0.156524
19.333333    0.141420    0.147445
19.666667    0.138526    0.134154
20.000000    0.146660    0.174629
20.333333    0.137618    0.174904
20.666667    0.113466    0.130787
21.000000    0.122007    0.087976
21.333333    0.133847    0.088439
21.666667    0.156667    0.129866
22.000000    0.172298    0.186597
22.333333    0.189714    0.218731
22.666667    0.199446    0.242870
23.000000    0.212335    0.256552
23.333333    0.211904    0.252240
23.666667    0.196047    0.280464
24.000000    0.188235    0.276650
24.333333    0.177846    0.240615
24.666667    0.163594    0.214068
25.000000    0.158094    0.190599
25.333333    0.150167    0.171752
25.666667    0.160685    0.158425
26.000000    0.159800    0.167539
26.333333    0.151375    0.166511
26.666667    0.147800    0.139941
27.000000    0.136593    0.149948
27.333333    0.136900    0.134816
27.666667    0.125084    0.141184
28.000000    0.121768    0.118536
28.333333    0.127288    0.138291
28.666667    0.135673    0.123733
29.000000    0.139148    0.154169
29.333333    0.139487    0.137657
29.666667    0.138415    0.150072
30.000000    0.135246    0.138072
30.333333    0.147824    0.141416
30.666667    0.149613    0.164618
31.000000    0.156058    0.178639
31.333333    0.163482    0.223856
31.666667    0.168380    0.229228
32.000000    0.183549    0.258529
32.333333    0.185290    0.256373
32.666667    0.176144    0.243544
33.000000    0.170516    0.233863
33.333333    0.178152    0.232831
33.666667    0.181663    0.231404
34.000000    0.184641    0.186370
34.333333    0.179260    0.200598
34.666667    0.171174    0.224613
35.000000    0.162351    0.202048
35.333333    0.143719    0.166192
35.666667    0.148924    0.159967
36.000000    0.157708    0.173231
36.333333    0.147242    0.179743
36.666667    0.133441    0.144747
37.000000    0.133955    0.129025
37.333333    0.135880    0.130285
37.666667    0.146660    0.149657
38.000000    0.139132    0.159154
38.333333    0.124868    0.134469
38.666667    0.126283    0.100295
39.000000    0.129025    0.098143
39.333333    0.126275    0.087677
39.666667    0.118671    0.083278
40.000000    0.120572    0.074227
40.333333    0.134473    0.097876
40.666667    0.150837    0.146178
41.000000    0.165200    0.159122
41.333333    0.171899    0.166914
41.666667    0.196070    0.199562
42.000000    0.218062    0.163195
42.333333    0.227499    0.156855
42.666667    0.226662    0.159656
43.000000    0.220373    0.197577
43.333333    0.201734    0.223593
43.666667    0.167539    0.197681
44.000000    0.135733    0.140730
44.333333    0.119843    0.059198
44.666667    0.120281    0.037119
45.000000    0.113494    0.047254
45.333333    0.103316    0.024936
45.666667    0.100143    0.004942
46.000000    0.100124    0.000000
46.333333    0.099151    0.002164
46.666667    0.100108    0.002961
47.000000    0.103766    0.007393
47.333333    0.108596    0.013187
47.666667    0.112068    0.020540
48.000000    0.113566    0.030249
48.333333    0.116228    0.044994
48.666667    0.122019    0.061828
49.000000    0.126825    0.067464
49.333333    0.134732    0.072015
49.666667    0.140383    0.083716
50.000000    0.142165    0.088399
50.333333    0.132516    0.071565
50.666667    0.125674    0.047457
51.000000    0.129519    0.033329
51.333333    0.131361    0.036362
51.666667    0.123031    0.041168
52.000000    0.116651    0.039048
52.333333    0.117209    0.027547
52.666667    0.121688    0.027602
53.000000    0.122123    0.034146
53.333333    0.113953    0.015814
53.666667    0.103965    0.009955
54.000000    0.104053    0.000040
54.333333    0.104005    0.000000
54.666667    0.102001    0.000000
55.000000    0.102810    0.001040
55.333333    0.103196    0.001271
55.666667    0.103786    0.000526
56.000000    0.103754    0.001032
56.333333    0.103973    0.011601
56.666667    0.104109    0.006173
57.000000    0.104519    0.003786
57.333333    0.104743    0.004515
57.666667    0.105057    0.001255
58.000000    0.104643    0.002355
58.333333    0.107863    0.002343
58.666667    0.121405    0.025223
59.000000    0.127861    0.047960
59.333333    0.129424    0.062689
59.666667    0.119648    0.033142
60.000000    0.105587    0.020361
60.333333    0.103834    0.001993
60.666667    0.103778    0.004005
61.000000    0.104145    0.002216
61.333333    0.104069    0.000486
61.666667    0.104232    0.000211
62.000000    0.104535    0.001702
62.333333    0.104691    0.004699
62.666667    0.104970    0.005380
63.000000    0.105029    0.007596
63.333333    0.105101    0.008122
63.666667    0.104344    0.010804
64.000000    0.104292    0.004484
64.333333    0.104587    0.005061
64.666667    0.104153    0.006121
65.000000    0.103934    0.005145
65.333333    0.103702    0.008772
65.666667    0.103439    0.006189
66.000000    0.103176    0.012092
66.333333    0.103587    0.011135
66.666667    0.104260    0.011143
67.000000    0.103471    0.012032
67.333333    0.118101    0.027188
67.666667    0.122178    0.037339
68.000000    0.125670    0.041599
68.333333    0.131739    0.042946
68.666667    0.131428    0.043986
69.000000    0.106094    0.023294
69.333333    0.103555    0.006616
69.666667    0.103686    0.006604
70.000000    0.103495    0.013570
70.333333    0.103742    0.003969
70.666667    0.103192    0.003858
71.000000    0.103507    0.002989
71.333333    0.103667    0.007082
71.666667    0.104173    0.008250
72.000000    0.104244    0.008345
72.333333    0.103663    0.011936
72.666667    0.103670    0.014606
73.000000    0.103579    0.009087
73.333333    0.103471    0.012450
73.666667    0.103575    0.012626
74.000000    0.102602    0.015630
74.333333    0.102555    0.011968
74.666667    0.102686    0.011302
75.000000    0.102881    0.003663
75.333333    0.103248    0.001048
75.666667    0.103356    0.004009
76.000000    0.103332    0.001766
76.333333    0.103396    0.002351
76.666667    0.103674    0.000849
77.000000    0.104105    0.013626
77.333333    0.103670    0.012749
77.666667    0.103061    0.008062
78.000000    0.102814    0.008736
78.333333    0.102818    0.006803
78.666667    0.102475    0.006137
79.000000    0.101662    0.009374
79.333333    0.102208    0.010641
79.666667    0.102033    0.011362
80.000000    0.102347    0.009083
80.333333    0.105221    0.007233
80.666667    0.105639    0.022565
81.000000    0.105743    0.014144
81.333333    0.105663    0.011904
81.666667    0.103244    0.009310
82.000000    0.103041    0.011175
82.333333    0.101865    0.014897
82.666667    0.101550    0.015371
83.000000    0.101925    0.017974
83.333333    0.101869    0.021118
83.666667    0.101841    0.019696
84.000000    0.101809    0.022421
84.333333    0.102052    0.021891
84.666667    0.102204    0.021469
85.000000    0.102567    0.020465
85.333333    0.102921    0.017982
85.666667    0.102646    0.015288
86.000000    0.102479    0.012522
86.333333    0.102483    0.011538
86.666667    0.102810    0.011059
87.000000    0.104149    0.010147
87.333333    0.106201    0.007616
87.666667    0.105376    0.008170
88.000000    0.103830    0.008389
88.333333    0.104169    0.007572
88.666667    0.103822    0.006452
89.000000    0.103172    0.008198
89.333333    0.102718    0.004328
89.666667    0.103312    0.001208
90.000000    0.104731    0.001857
90.333333    0.105962    0.003439
90.666667    0.106556    0.005101
91.000000    0.107771    0.006556
91.333333    0.107656    0.008999
91.666667    0.108130    0.008652
92.000000    0.108238    0.015340
92.333333    0.107512    0.015116
92.666667    0.108341    0.016180
93.000000    0.107931    0.018297
93.333333    0.108373    0.018703
93.666667    0.108122    0.020748
94.000000    0.108309    0.022135
94.333333    0.108672    0.020684
94.666667    0.108258    0.020847
95.000000    0.107680    0.019624
95.333333    0.107688    0.023147
95.666667    0.106907    0.030683
96.000000    0.106891    0.030540
96.333333    0.107536    0.025259
96.666667    0.109577    0.033899
97.000000    0.113096    0.041631
97.333333    0.113574    0.044620
97.666667    0.113706    0.051849
98.000000    0.113462    0.056715
98.333333    0.111171    0.052563
98.666667    0.108744    0.045194
99.000000    0.110617    0.057839
99.333333    0.110194    0.045361
99.666667    0.109800    0.046078
100.000000    0.111071    0.044269
100.333333    0.110876    0.037550
100.666667    0.109860    0.048769
101.000000    0.108927    0.050745
101.333333    0.105544    0.047995
101.666667    0.100566    0.053778
102.000000    0.096676    0.036438
102.333333    0.092910    0.043289
102.666667    0.088518    0.048777
103.000000    0.086522    0.059413
103.333333    0.087382    0.055803
103.666667    0.089634    0.049506
104.000000    0.093062    0.057054
104.333333    0.096373    0.050375
104.666667    0.099685    0.030528
105.000000    0.103655    0.028874
105.333333    0.104671    0.037988
105.666667    0.102543    0.032058
106.000000    0.102539    0.020560
106.333333    0.099438    0.027806
106.666667    0.098342    0.026993
107.000000    0.101813    0.021720
107.333333    0.101726    0.020198
107.666667    0.102985    0.015045
108.000000    0.102523    0.020636
108.333333    0.101100    0.012243
108.666667    0.101152    0.006313
109.000000    0.101762    0.024362
109.333333    0.096310    0.009776
109.666667    0.087881    0.012311
110.000000    0.086330    0.009114
110.333333    0.093428    0.004527
110.666667    0.099661    0.016073
111.000000    0.103758    0.002001
111.333333    0.102674    0.003655
111.666667    0.093914    0.009880
112.000000    0.091762    0.003774
112.333333    0.096003    0.018890
112.666667    0.101498    0.018699
113.000000    0.103017    0.012960
113.333333    0.100116    0.004603
113.666667    0.093360    0.007401
114.000000    0.096963    0.007676
114.333333    0.090933    0.015981
114.666667    0.089427    0.021875
115.000000    0.098729    0.023422
115.333333    0.101953    0.011498
115.666667    0.081249    0.004707
116.000000    0.076076    0.005807
116.333333    0.079197    0.010194
116.666667    0.083975    0.015623
117.000000    0.090670    0.018703
117.333333    0.093205    0.014686
117.666667    0.093751    0.017009
118.000000    0.104017    0.029280
118.333333    0.103013    0.036625
118.666667    0.105564    0.049187
119.000000    0.102100    0.052288
119.333333    0.097242    0.047601
119.666667    0.094046    0.039825
120.000000    0.090846    0.044624
120.333333    0.090762    0.049135
120.666667    0.091559    0.055217
121.000000    0.103192    0.082018
121.333333    0.110852    0.121345
121.666667    0.109868    0.129842
122.000000    0.111243    0.122330
122.333333    0.116436    0.083365
122.666667    0.112665    0.066742
123.000000    0.110892    0.064112
123.333333    0.103419    0.069540
123.666667    0.087606    0.022557
124.000000    0.081002    0.008839
124.333333    0.079392    0.000937
124.666667    0.079440    0.000000
125.000000    0.079312    0.000000
125.333333    0.079523    0.000000
125.666667    0.077650    0.000116
126.000000    0.078392    0.000000
126.333333    0.078690    0.000000
126.666667    0.078567    0.000000
127.000000    0.080408    0.001526
127.333333    0.087478    0.014766
127.666667    0.096820    0.025554
128.000000    0.083297    0.022860
128.333333    0.075530    0.005775
128.666667    0.076379    0.000311
129.000000    0.081934    0.000781
129.333333    0.081859    0.000000
129.666667    0.082162    0.000064
130.000000    0.081620    0.000227
130.333333    0.081803    0.000044
130.666667    0.081871    0.004607
131.000000    0.081612    0.000243
131.333333    0.081723    0.000797
131.666667    0.081911    0.001387
132.000000    0.081879    0.000745
132.333333    0.082425    0.002331
132.666667    0.082524    0.001447
133.000000    0.083445    0.004834
133.333333    0.084704    0.007066
133.666667    0.084581    0.002092
134.000000    0.083716    0.001227
134.333333    0.083768    0.000000
134.666667    0.083329    0.004707
135.000000    0.082875    0.012103
135.333333    0.082947    0.010904
135.666667    0.079440    0.011717
136.000000    0.081907    0.016834
136.333333    0.083636    0.025231
136.666667    0.088040    0.029643
137.000000    0.091483    0.049024
137.333333    0.097928    0.053053
137.666667    0.097457    0.063526
138.000000    0.102180    0.083146
138.333333    0.106205    0.111302
138.666667    0.113275    0.105332
139.000000    0.118604    0.104145
139.333333    0.120740    0.090328
139.666667    0.107006    0.090367
140.000000    0.098753    0.029169
140.333333    0.100239    0.016236
140.666667    0.099470    0.013092
141.000000    0.099829    0.017432
141.333333    0.095839    0.032712
141.666667    0.089614    0.032469
142.000000    0.090866    0.026805
142.333333    0.086625    0.031153
142.666667    0.087394    0.039479
143.000000    0.087849    0.022832
143.333333    0.088706    0.009007
143.666667    0.080085    0.019652
144.000000    0.081388    0.013506
144.333333    0.080727    0.016687
144.666667    0.078380    0.024534
145.000000    0.078013    0.017763
145.333333    0.078168    0.008166
145.666667    0.081468    0.011282
146.000000    0.081117    0.009322
146.333333    0.081440    0.007863
146.666667    0.081412    0.009951
147.000000    0.081161    0.009668
147.333333    0.080886    0.020461
147.666667    0.081568    0.011908
148.000000    0.081257    0.019409
148.333333    0.082062    0.018050
148.666667    0.083038    0.015905
149.000000    0.084951    0.048338
149.333333    0.087080    0.039084
149.666667    0.088718    0.048721
150.000000    0.088570    0.056783
150.333333    0.090104    0.059142
150.666667    0.091738    0.064913
151.000000    0.092527    0.071262
151.333333    0.092201    0.057576
151.666667    0.092209    0.058604
152.000000    0.091738    0.041133
152.333333    0.089921    0.040256
152.666667    0.088949    0.022963
153.000000    0.083895    0.020680
153.333333    0.084282    0.015961
153.666667    0.083086    0.010422
154.000000    0.081121    0.005336
154.333333    0.081703    0.000000
154.666667    0.081831    0.000000
155.000000    0.081958    0.004356
155.333333    0.081982    0.003762
155.666667    0.082006    0.006568
156.000000    0.082664    0.000610
156.333333    0.082596    0.005169
156.666667    0.082903    0.001391
157.000000    0.083118    0.005300
157.333333    0.082170    0.001295
157.666667    0.081504    0.000179
158.000000    0.081775    0.000000
158.333333    0.082182    0.000000
158.666667    0.082166    0.001347
159.000000    0.081907    0.000478
159.333333    0.082309    0.000000
159.666667    0.082520    0.004790
160.000000    0.079292    0.005273
160.333333    0.078431    0.005440
160.666667    0.074083    0.009549
161.000000    0.073637    0.012040
161.333333    0.075410    0.012530
161.666667    0.077989    0.013646
162.000000    0.079009    0.017615
162.333333    0.082257    0.018213
162.666667    0.082995    0.016328
163.000000    0.083130    0.022724
163.333333    0.082672    0.024454
163.666667    0.082174    0.029882
164.000000    0.081213    0.024709
164.333333    0.081365    0.019150
164.666667    0.080552    0.041025
165.000000    0.080603    0.040284
165.333333    0.081161    0.033935
165.666667    0.086844    0.036749
166.000000    0.081448    0.011561
166.333333    0.080799    0.004727
166.666667    0.081054    0.000662
167.000000    0.081301    0.000191
167.333333    0.080627    0.000000
167.666667    0.080579    0.000000
168.000000    0.080376    0.000000
168.333333    0.079484    0.000000
168.666667    0.078463    0.000000
169.000000    0.075263    0.000841
169.333333    0.075486    0.000000
169.666667    0.075797    0.000000
170.000000    0.077200    0.000000
170.333333    0.078503    0.000060
170.666667    0.081086    0.000000
171.000000    0.081106    0.000000
171.333333    0.081428    0.000000
171.666667    0.081863    0.000000
172.000000    0.081855    0.000024
172.333333    0.082046    0.000000
172.666667    0.082305    0.000000
173.000000    0.082552    0.000000
173.333333    0.082616    0.000036
173.666667    0.082496    0.000235
174.000000    0.082923    0.001662
174.333333    0.083034    0.001040
174.666667    0.082716    0.001088
175.000000    0.082704    0.000000
175.333333    0.082644    0.000000
175.666667    0.081743    0.000143
176.000000    0.083373    0.002013
176.333333    0.088144    0.002276
176.666667    0.095329    0.015579
177.000000    0.087901    0.024442
177.333333    0.073633    0.014642
177.666667    0.073358    0.005237
178.000000    0.073047    0.001694
178.333333    0.073282    0.000945
178.666667    0.077355    0.004400
179.000000    0.090758    0.015009
179.333333    0.103344    0.025594
179.666667    0.100303    0.035442
180.000000    0.092292    0.031600
180.333333    0.087195    0.026805
180.666667    0.083194    0.017141
181.000000    0.081381    0.001610
181.333333    0.081125    0.001020
181.666667    0.081094    0.000506
182.000000    0.081285    0.000000
182.333333    0.081907    0.000000
182.666667    0.081899    0.000745
183.000000    0.082377    0.000000
183.333333    0.082524    0.000351
183.666667    0.082931    0.000275
184.000000    0.082795    0.000339
184.333333    0.082931    0.000171
184.666667    0.082660    0.000040
185.000000    0.083270    0.000000
185.333333    0.083421    0.000000
185.666667    0.083106    0.001104
186.000000    0.083150    0.000000
186.333333    0.083250    0.000000
186.666667    0.083162    0.000100
187.000000    0.083282    0.000000
187.333333    0.083397    0.000303
187.666667    0.083501    0.000076
188.000000    0.083871    0.000514
188.333333    0.083915    0.001343
188.666667    0.084063    0.000937
189.000000    0.083349    0.005026
189.333333    0.083517    0.000072
189.666667    0.083541    0.000000
190.000000    0.083477    0.000000
190.333333    0.083517    0.000000
190.666667    0.083616    0.000000
191.000000    0.083927    0.000000
191.333333    0.084417    0.001766
191.666667    0.089116    0.009481
192.000000    0.089455    0.016503
192.333333    0.090124    0.019257
192.666667    0.092061    0.028451
193.000000    0.089172    0.022322
193.333333    0.088722    0.036131
193.666667    0.089622    0.041141
194.000000    0.090882    0.040096
194.333333    0.091850    0.040913
194.666667    0.085378    0.020050
195.000000    0.084955    0.003121
195.333333    0.085282    0.004428
195.666667    0.085127    0.001395
196.000000    0.085278    0.001750
196.333333    0.087402    0.006233
196.666667    0.088745    0.012299
197.000000    0.092675    0.018934
197.333333    0.094329    0.033505
197.666667    0.096306    0.036653
198.000000    0.099689    0.033003
198.333333    0.102120    0.036326
198.666667    0.100853    0.056787
199.000000    0.099964    0.083839
199.333333    0.105121    0.086753
199.666667    0.109449    0.098757
200.000000    0.121828    0.079137
200.333333    0.123414    0.080328
200.666667    0.114957    0.080029
201.000000    0.110984    0.058660
201.333333    0.120493    0.046218
201.666667    0.116507    0.030783
202.000000    0.099841    0.041272
202.333333    0.089550    0.040666
202.666667    0.096608    0.043376
203.000000    0.109537    0.060788
203.333333    0.125044    0.092053
203.666667    0.135342    0.100658
204.000000    0.150929    0.120572
204.333333    0.160545    0.118416
204.666667    0.173366    0.161247
205.000000    0.176395    0.186007
205.333333    0.167129    0.156739
205.666667    0.148139    0.155894
206.000000    0.145899    0.093867
206.333333    0.137267    0.116192
206.666667    0.127834    0.077710
207.000000    0.118097    0.073370
207.333333    0.115256    0.053938
207.666667    0.117121    0.047170
208.000000    0.120855    0.049338
208.333333    0.123773    0.061573
208.666667    0.119022    0.062598
209.000000    0.123693    0.059557
209.333333    0.132413    0.060677
209.666667    0.141786    0.069644
210.000000    0.145887    0.072665
210.333333    0.148207    0.086430
210.666667    0.153232    0.091507
211.000000    0.171098    0.104205
211.333333    0.165559    0.119608
211.666667    0.159935    0.097362
212.000000    0.166930    0.090108
212.333333    0.161294    0.101471
212.666667    0.152830    0.098091
213.000000    0.159585    0.107022
213.333333    0.175602    0.117524
213.666667    0.196457    0.153949
214.000000    0.212394    0.165172
214.333333    0.214279    0.163578
214.666667    0.237382    0.180643
215.000000    0.256121    0.191619
215.333333    0.261956    0.220772
215.666667    0.262765    0.240583
216.000000    0.250383    0.254057
216.333333    0.236649    0.261087
216.666667    0.226817    0.284242
217.000000    0.224829    0.294357
217.333333    0.227052    0.274853
217.666667    0.224215    0.269413
218.000000    0.213849    0.258800
218.333333    0.202455    0.254240
218.666667    0.187127    0.251746
219.000000    0.167711    0.216934
219.333333    0.166420    0.207899
219.666667    0.170644    0.229201
220.000000    0.170923    0.176949
220.333333    0.171553    0.183644
220.666667    0.166013    0.182887
221.000000    0.161733    0.172266
221.333333    0.160063    0.154507
221.666667    0.154181    0.170377
222.000000    0.159900    0.192527
222.333333    0.160458    0.173725
222.666667    0.145042    0.143755
223.000000    0.126742    0.106847
223.333333    0.113937    0.056911
223.666667    0.116336    0.034760
224.000000    0.118548    0.034015
224.333333    0.120166    0.043763
224.666667    0.122967    0.059190
225.000000    0.127116    0.050614
225.333333    0.134565    0.058509
225.666667    0.142683    0.069277
226.000000    0.146070    0.105564
226.333333    0.142404    0.094827
226.666667    0.147808    0.104898
227.000000    0.162637    0.104444
227.333333    0.171581    0.133174
227.666667    0.184888    0.156325
228.000000    0.190519    0.184712
228.333333    0.194456    0.178563
228.666667    0.204651    0.212634
229.000000    0.225291    0.227674
229.333333    0.232755    0.237901
229.666667    0.226917    0.222222
230.000000    0.206213    0.168703
230.333333    0.186115    0.099008
230.666667    0.153089    0.116954
231.000000    0.114929    0.047386
231.333333    0.099701    0.016985
231.666667    0.099251    0.000020
232.000000    0.099195    0.002005
232.333333    0.099044    0.003160
232.666667    0.099235    0.000446
233.000000    0.099171    0.001088
233.333333    0.099490    0.000000
233.666667    0.099705    0.000000
234.000000    0.098832    0.000893
234.333333    0.099438    0.000032
234.666667    0.099562    0.000614
235.000000    0.103427    0.005603
235.333333    0.105026    0.008907
235.666667    0.105492    0.018153
236.000000    0.106691    0.016312
236.333333    0.107461    0.017185
236.666667    0.106480    0.016149
237.000000    0.100279    0.008632
237.333333    0.099040    0.001650
237.666667    0.099231    0.001164
238.000000    0.100223    0.006432
238.333333    0.102184    0.005085
238.666667    0.103439    0.009900
239.000000    0.104117    0.014439
239.333333    0.103842    0.012175
239.666667    0.105771    0.020421
240.000000    0.109465    0.014399
240.333333    0.109493    0.030193
240.666667    0.109429    0.036386
241.000000    0.113941    0.037849
241.333333    0.116898    0.039092
241.666667    0.118169    0.036805
242.000000    0.100490    0.023095
242.333333    0.099103    0.007433
242.666667    0.099131    0.000000
243.000000    0.099235    0.000418
243.333333    0.099330    0.000028
243.666667    0.099566    0.000024
244.000000    0.099960    0.000291
244.333333    0.099996    0.000024
244.666667    0.098645    0.001650
245.000000    0.098852    0.000195
245.333333    0.101363    0.002033
245.666667    0.103698    0.008744
246.000000    0.105022    0.016647
246.333333    0.105037    0.013969
246.666667    0.110015    0.024753
247.000000    0.119265    0.039283
247.333333    0.124968    0.051040
247.666667    0.125151    0.063749
248.000000    0.121202    0.053746
248.333333    0.102810    0.026550
248.666667    0.109202    0.011103
249.000000    0.123729    0.019385
249.333333    0.132564    0.039833
249.666667    0.138012    0.062789
250.000000    0.123996    0.054105
250.333333    0.108445    0.030882
250.666667    0.108154    0.004511
251.000000    0.100235    0.008708
251.333333    0.101064    0.000753
251.666667    0.107265    0.008321
252.000000    0.112833    0.021146
252.333333    0.117416    0.023553
252.666667    0.123521    0.031843
253.000000    0.130540    0.052399
253.333333    0.136370    0.060673
253.666667    0.125618    0.052885
254.000000    0.130018    0.048314
254.333333    0.142356    0.026650
254.666667    0.139283    0.054790
255.000000    0.118524    0.032245
255.333333    0.110968    0.011629
255.666667    0.113315    0.011354
256.000000    0.118604    0.013024
256.333333    0.125032    0.021039
256.666667    0.128085    0.027423
257.000000    0.130846    0.027072
257.333333    0.113427    0.020461
257.666667    0.110697    0.015324
258.000000    0.109808    0.017288
258.333333    0.110023    0.014813
258.666667    0.109896    0.017687
259.000000    0.109700    0.009856
259.333333    0.109923    0.002782
259.666667    0.109712    0.003304
260.000000    0.109720    0.005105
260.333333    0.109991    0.002981
260.666667    0.110473    0.001674
261.000000    0.110465    0.003511
261.333333    0.110127    0.003268
261.666667    0.110952    0.002264
262.000000    0.111486    0.005675
262.333333    0.111805    0.006608
262.666667    0.111896    0.021007
263.000000    0.110450    0.009987
263.333333    0.111645    0.010513
263.666667    0.112016    0.008206
264.000000    0.111733    0.010784
264.333333    0.111725    0.016878
264.666667    0.111713    0.010756
265.000000    0.112012    0.008313
265.333333    0.111310    0.013761
265.666667    0.111757    0.003722
266.000000    0.112586    0.003280
266.333333    0.115120    0.005938
266.666667    0.116655    0.006915
267.000000    0.116854    0.020118
267.333333    0.116563    0.018416
267.666667    0.114399    0.011589
268.000000    0.112247    0.012103
268.333333    0.111665    0.005085
268.666667    0.111386    0.000016
269.000000    0.111458    0.000008
269.333333    0.111884    0.002088
269.666667    0.113148    0.001451
270.000000    0.113271    0.002941
270.333333    0.113443    0.004715
270.666667    0.113239    0.005185
271.000000    0.112944    0.003431
271.333333    0.110163    0.016667
271.666667    0.110517    0.018524
272.000000    0.110996    0.017695
272.333333    0.111167    0.018225
272.666667    0.111382    0.015662
273.000000    0.111852    0.008090
273.333333    0.112024    0.009035
273.666667    0.111848    0.010916
274.000000    0.111565    0.008959
274.333333    0.111928    0.008349
274.666667    0.113283    0.011737
275.000000    0.113466    0.006548
275.333333    0.113961    0.005440
275.666667    0.113925    0.005085
276.000000    0.114375    0.003364
276.333333    0.114435    0.001554
276.666667    0.116344    0.004862
277.000000    0.117874    0.009828
277.333333    0.120214    0.011290
277.666667    0.121138    0.014865
278.000000    0.125044    0.023916
278.333333    0.128073    0.022071
278.666667    0.130823    0.021238
279.000000    0.134278    0.019038
279.333333    0.135756    0.025909
279.666667    0.136980    0.027658
280.000000    0.136059    0.032624
280.333333    0.132759    0.032604
280.666667    0.131779    0.031165
281.000000    0.130304    0.050072
281.333333    0.122963    0.043639
281.666667    0.116675    0.047477
282.000000    0.117404    0.038678
282.333333    0.118958    0.039008
282.666667    0.115770    0.032640
283.000000    0.105069    0.022617
283.333333    0.105320    0.017025
283.666667    0.104854    0.007074
284.000000    0.101746    0.004464
284.333333    0.097553    0.000773
284.666667    0.093444    0.006090
285.000000    0.095293    0.008700
285.333333    0.099119    0.011255
285.666667    0.104818    0.020540
286.000000    0.105755    0.017392
286.333333    0.101777    0.016675
286.666667    0.102606    0.021182
287.000000    0.105898    0.025060
287.333333    0.105870    0.003109
287.666667    0.106919    0.008158
288.000000    0.099191    0.018161
288.333333    0.099681    0.016707
288.666667    0.099486    0.022924
289.000000    0.097963    0.008050
289.333333    0.090774    0.002076
289.666667    0.085334    0.004089
290.000000    0.082855    0.002730
290.333333    0.086900    0.005468
290.666667    0.088670    0.008935
291.000000    0.093173    0.019899
291.333333    0.100709    0.014686
291.666667    0.108911    0.023039
292.000000    0.106317    0.016041
292.333333    0.099434    0.012681
292.666667    0.093576    0.011011
293.000000    0.090116    0.018596
293.333333    0.096668    0.017691
293.666667    0.104177    0.015037
294.000000    0.096138    0.011613
294.333333    0.089252    0.005492
294.666667    0.082520    0.000650
295.000000    0.092783    0.007050
295.333333    0.095803    0.022804
295.666667    0.100458    0.019309
296.000000    0.104874    0.010043
296.333333    0.093560    0.006564
296.666667    0.088423    0.001602
297.000000    0.082285    0.001104
297.333333    0.081213    0.001255
297.666667    0.092691    0.006365
298.000000    0.088933    0.025068
298.333333    0.093070    0.017934
298.666667    0.098932    0.028196
299.000000    0.092862    0.017575
299.333333    0.100430    0.024845
299.666667    0.099773    0.055731
300.000000    0.101578    0.031843
300.333333    0.097796    0.001953
300.666667    0.108162    0.021389
301.000000    0.108489    0.046660
301.333333    0.096868    0.049048
301.666667    0.100630    0.033843
302.000000    0.104021    0.018054
302.333333    0.102503    0.007194
302.666667    0.100697    0.010617
303.000000    0.096082    0.035087
303.333333    0.097123    0.033975
303.666667    0.100215    0.031006
304.000000    0.101279    0.033684
304.333333    0.087797    0.023207
304.666667    0.083947    0.000566
305.000000    0.090340    0.021497
305.333333    0.093097    0.036944
305.666667    0.094118    0.012143
306.000000    0.097812    0.010258
306.333333    0.099837    0.016738
306.666667    0.100008    0.008353
307.000000    0.100817    0.010980
307.333333    0.105237    0.013809
307.666667    0.099761    0.011518
308.000000    0.091667    0.023242
308.333333    0.089056    0.016491
308.666667    0.096341    0.008939
309.000000    0.103738    0.011306
309.333333    0.103659    0.010940
309.666667    0.094564    0.008154
310.000000    0.092057    0.024183
310.333333    0.095226    0.009106
310.666667    0.100163    0.011195
311.000000    0.094923    0.010848
311.333333    0.092380    0.013582
311.666667    0.094452    0.013745
312.000000    0.098011    0.005671
312.333333    0.090088    0.008485
312.666667    0.085242    0.000502
313.000000    0.083995    0.000670
313.333333    0.081420    0.000088
313.666667    0.080460    0.002618
314.000000    0.081496    0.000594
314.333333    0.082102    0.002140
314.666667    0.078623    0.002754
315.000000    0.087378    0.015543
315.333333    0.097513    0.022708
315.666667    0.084047    0.013793
316.000000    0.079272    0.002531
316.333333    0.077997    0.001399
316.666667    0.078276    0.005165
317.000000    0.079938    0.008297
317.333333    0.082385    0.012498
317.666667    0.085808    0.018468
318.000000    0.093002    0.035202
318.333333    0.093424    0.032728
318.666667    0.093217    0.038419
319.000000    0.092145    0.049530
319.333333    0.093253    0.042105
319.666667    0.094648    0.042822
320.000000    0.095919    0.039778
320.333333    0.095835    0.041141
320.666667    0.092942    0.042001
321.000000    0.081416    0.016858
321.333333    0.081516    0.007018
321.666667    0.081831    0.001124
322.000000    0.081875    0.002802
322.333333    0.081743    0.000988
322.666667    0.081942    0.001160
323.000000    0.082058    0.002989
323.333333    0.082225    0.002439
323.666667    0.082194    0.001622
324.000000    0.082771    0.004958
324.333333    0.082771    0.005289
324.666667    0.083640    0.008210
325.000000    0.084577    0.012171
325.333333    0.085350    0.016985
325.666667    0.085123    0.020704
326.000000    0.086430    0.021581
326.333333    0.087773    0.025299
326.666667    0.088470    0.025988
327.000000    0.088311    0.035206
327.333333    0.085884    0.039128
327.666667    0.087247    0.034346
328.000000    0.087637    0.047063
328.333333    0.090459    0.065921
328.666667    0.088869    0.089957
329.000000    0.086059    0.071943
329.333333    0.085804    0.071385
329.666667    0.086103    0.061490
330.000000    0.082843    0.032676
330.333333    0.080536    0.027933
330.666667    0.078248    0.034186
331.000000    0.078316    0.030033
331.333333    0.079826    0.042635
331.666667    0.090371    0.056133
332.000000    0.088411    0.055918
332.333333    0.085043    0.039391
332.666667    0.083584    0.011211
333.000000    0.082106    0.004288
333.333333    0.082106    0.000036
333.666667    0.082054    0.000000
334.000000    0.081313    0.000000
334.333333    0.081432    0.000000
334.666667    0.081313    0.000032
335.000000    0.081257    0.000004
335.333333    0.081365    0.000048
335.666667    0.081675    0.000267
336.000000    0.081823    0.000000
336.333333    0.081592    0.000000
336.666667    0.081815    0.000000
337.000000    0.081903    0.000000
337.333333    0.079476    0.000000
337.666667    0.078826    0.000000
338.000000    0.077985    0.000000
338.333333    0.077351    0.000000
338.666667    0.077064    0.000000
339.000000    0.074315    0.000418
339.333333    0.075741    0.000000
339.666667    0.077810    0.000000
340.000000    0.079169    0.000048
340.333333    0.080022    0.000000
340.666667    0.084110    0.000498
341.000000    0.083999    0.000000
341.333333    0.084047    0.000438
341.666667    0.084186    0.000662
342.000000    0.084250    0.000000
342.333333    0.083796    0.000000
342.666667    0.083871    0.000000
343.000000    0.083943    0.000000
343.333333    0.084106    0.000000
343.666667    0.084234    0.000000
344.000000    0.083102    0.000211
344.333333    0.083130    0.000000
344.666667    0.083218    0.000143
345.000000    0.083373    0.000155
345.333333    0.083393    0.000343
345.666667    0.082939    0.003053
346.000000    0.082883    0.000223
346.333333    0.082146    0.002897
346.666667    0.082393    0.014148
347.000000    0.082740    0.010147
347.333333    0.082895    0.007373
347.666667    0.082875    0.002335
348.000000    0.082548    0.000805
348.333333    0.082632    0.005169
348.666667    0.082488    0.003934
349.000000    0.082580    0.000889
349.333333    0.082787    0.000084
349.666667    0.082433    0.001463
350.000000    0.082480    0.000000
350.333333    0.082720    0.000000
350.666667    0.082640    0.000000
351.000000    0.082592    0.000000
351.333333    0.077567    0.000000
351.666667    0.076893    0.000000
352.000000    0.077096    0.000000
352.333333    0.077108    0.000000
352.666667    0.077399    0.000000
353.000000    0.076144    0.000000
353.333333    0.086255    0.005213
353.666667    0.100574    0.021270
354.000000    0.104615    0.045489
354.333333    0.093711    0.029531
354.666667    0.082225    0.010912
355.000000    0.078057    0.010629
355.333333    0.074593    0.003985
355.666667    0.073940    0.002826
356.000000    0.073804    0.008501
356.333333    0.073354    0.009457
356.666667    0.073410    0.009190
357.000000    0.073282    0.007488
357.333333    0.073609    0.011581
357.666667    0.086765    0.027881
358.000000    0.095473    0.045277
358.333333    0.097824    0.040100
358.666667    0.093464    0.036023
359.000000    0.096868    0.041208
359.333333    0.105599    0.067934
359.666667    0.120756    0.069281
360.000000    0.140583    0.062339
360.333333    0.162167    0.072963
360.666667    0.182680    0.170871
361.000000    0.209091    0.199605
361.333333    0.208385    0.198334
361.666667    0.178264    0.172888
362.000000    0.138634    0.089937
362.333333    0.099378    0.071915
362.666667    0.090228    0.059664
363.000000    0.093962    0.034497
363.333333    0.097266    0.067635
363.666667    0.100662    0.085087
364.000000    0.108011    0.088996
364.333333    0.101048    0.096114
364.666667    0.095971    0.086462
365.000000    0.102204    0.075434
365.333333    0.111031    0.115025
365.666667    0.118253    0.103961
366.000000    0.123757    0.142029
366.333333    0.119193    0.109461
366.666667    0.102499    0.086159
367.000000    0.091730    0.074012
367.333333    0.102052    0.055787
367.666667    0.115790    0.069998
368.000000    0.127088    0.100845
368.333333    0.136896    0.119831
368.666667    0.122657    0.136290
369.000000    0.119249    0.119911
369.333333    0.131365    0.089140
369.666667    0.137355    0.108557
370.000000    0.142169    0.140403
370.333333    0.147262    0.137092
370.666667    0.134672    0.125112
371.000000    0.122075    0.110386
371.333333    0.128196    0.074582
371.666667    0.125905    0.078818
372.000000    0.127240    0.085501
372.333333    0.133608    0.074131
372.666667    0.124075    0.067691
373.000000    0.117033    0.040332
373.333333    0.125865    0.042531
373.666667    0.134824    0.073828
374.000000    0.137940    0.072764
374.333333    0.150992    0.070815
374.666667    0.163785    0.096206
375.000000    0.171963    0.112267
375.333333    0.172302    0.132373
375.666667    0.185019    0.128049
376.000000    0.199203    0.144540
376.333333    0.227104    0.181667
376.666667    0.262602    0.222334
377.000000    0.280922    0.232293
377.333333    0.277439    0.226048
377.666667    0.272258    0.246844
378.000000    0.250777    0.206687
378.333333    0.223382    0.194923
378.666667    0.203806    0.158553
379.000000    0.208676    0.140630
379.333333    0.213287    0.154978
379.666667    0.217428    0.161856
380.000000    0.245321    0.182241
380.333333    0.265001    0.213359
380.666667    0.290913    0.230316
381.000000    0.304412    0.240136
381.333333    0.298366    0.223219
381.666667    0.284330    0.220357
382.000000    0.279268    0.206281
382.333333    0.250801    0.212893

457
0.46564196687009624
