0.333333    0.197963    0.014160
0.666667    0.194951    0.015507
1.000000    0.206281    0.018727
1.333333    0.213048    0.033457
1.666667    0.223565    0.049099
2.000000    0.222728    0.043273
2.333333    0.219508    0.042253
2.666667    0.217922    0.047111
3.000000    0.219684    0.058090
3.333333    0.224896    0.036872
3.666667    0.223135    0.012634
4.000000    0.224414    0.038395
4.333333    0.223852    0.039128
4.666667    0.220158    0.055902
5.000000    0.220006    0.041679
5.333333    0.220098    0.037709
5.666667    0.221509    0.012191
6.000000    0.223318    0.008680
6.333333    0.219134    0.017316
6.666667    0.225626    0.026220
7.000000    0.229902    0.047963
7.333333    0.236255    0.068580
7.666667    0.247908    0.067910
8.000000    0.250255    0.106369
8.333333    0.254898    0.114156
8.666667    0.268930    0.162801
9.000000    0.279256    0.161243
9.333333    0.292639    0.180332
9.666667    0.297039    0.181671
10.000000    0.313048    0.197107
10.333333    0.319711    0.221864
10.666667    0.332138    0.266902
11.000000    0.336940    0.266591
11.333333    0.322489    0.238399
11.666667    0.319974    0.264124
12.000000    0.332269    0.191272
12.333333    0.328248    0.207054
12.666667    0.316902    0.184449
13.000000    0.316057    0.172585
13.333333    0.323354    0.154591
13.666667    0.326259    0.151674
14.000000    0.321959    0.155568
14.333333    0.317089    0.157393
14.666667    0.299326    0.110394
15.000000    0.276865    0.058373
15.333333    0.273553    0.076873
15.666667    0.282365    0.076841
16.000000    0.286729    0.110334
16.333333    0.276546    0.107532
16.666667    0.273773    0.108329
17.000000    0.280707    0.104583
17.333333    0.293751    0.117069
17.666667    0.304679    0.151514
18.000000    0.311912    0.176220
18.333333    0.322334    0.184553
18.666667    0.328463    0.200988
19.000000    0.330452    0.194779
19.333333    0.333568    0.195341
19.666667    0.337657    0.203981
20.000000    0.337016    0.243149
20.333333    0.326295    0.194070
20.666667    0.315682    0.181357
21.000000    0.330707    0.165599
21.333333    0.346062    0.168205
21.666667    0.370046    0.247194
22.000000    0.391368    0.239531
22.333333    0.396804    0.291149
22.666667    0.413271    0.358405
23.000000    0.424394    0.362402
23.333333    0.414240    0.373274
23.666667    0.384469    0.333417
24.000000    0.379029    0.330261
24.333333    0.365049    0.267767
24.666667    0.339810    0.262753
25.000000    0.332381    0.262135
25.333333    0.341093    0.242021
25.666667    0.347601    0.197565
26.000000    0.344042    0.187665
26.333333    0.335609    0.155069
26.666667    0.333640    0.181110
27.000000    0.324107    0.189794
27.333333    0.317683    0.199653
27.666667    0.314128    0.179651
28.000000    0.317444    0.175223
28.333333    0.327483    0.219755
28.666667    0.344329    0.150578
29.000000    0.347505    0.243364
29.333333    0.350646    0.217647
29.666667    0.348561    0.244568
30.000000    0.357500    0.227060
30.333333    0.361251    0.233337
30.666667    0.369628    0.271094
31.000000    0.385302    0.290750
31.333333    0.387964    0.310246
31.666667    0.401307    0.313690
32.000000    0.405982    0.354428
32.333333    0.403324    0.322561
32.666667    0.385884    0.311155
33.000000    0.386741    0.314180
33.333333    0.395457    0.275040
33.666667    0.400295    0.261832
34.000000    0.396716    0.245883
34.333333    0.387761    0.243081
34.666667    0.396915    0.288152
35.000000    0.386438    0.307437
35.333333    0.381169    0.212518
35.666667    0.399187    0.273808
36.000000    0.415826    0.304635
36.333333    0.394871    0.310517
36.666667    0.376618    0.248378
37.000000    0.373270    0.220261
37.333333    0.378766    0.210944
37.666667    0.381875    0.173055
38.000000    0.370760    0.168229
38.333333    0.365559    0.123306
38.666667    0.372103    0.118775
39.000000    0.370066    0.123645
39.333333    0.367089    0.119038
39.666667    0.359641    0.109214
40.000000    0.369867    0.115929
40.333333    0.388152    0.151303
40.666667    0.417316    0.096545
41.000000    0.439574    0.164606
41.333333    0.451534    0.158369
41.666667    0.483553    0.203674
42.000000    0.492731    0.260183
42.333333    0.488152    0.219126
42.666667    0.480611    0.221062
43.000000    0.462825    0.259720
43.333333    0.434565    0.303870
43.666667    0.386785    0.195166
44.000000    0.355049    0.143683
44.333333    0.354137    0.058816
44.666667    0.347541    0.051020
45.000000    0.333879    0.051634
45.333333    0.326339    0.031735
45.666667    0.326877    0.024952
46.000000    0.329041    0.027064
46.333333    0.332931    0.041966
46.666667    0.336828    0.036948
47.000000    0.334856    0.055197
47.333333    0.338048    0.062135
47.666667    0.343615    0.073087
48.000000    0.350395    0.072836
48.333333    0.353750    0.083377
48.666667    0.358656    0.087936
49.000000    0.363534    0.097704
49.333333    0.371668    0.102455
49.666667    0.373960    0.111530
50.000000    0.365630    0.091436
50.333333    0.362048    0.082433
50.666667    0.367033    0.062506
51.000000    0.375088    0.058258
51.333333    0.366149    0.067189
51.666667    0.352120    0.063096
52.000000    0.352826    0.050785
52.333333    0.351367    0.036203
52.666667    0.354818    0.038789
53.000000    0.350630    0.034963
53.333333    0.333959    0.024908
53.666667    0.329364    0.006349
54.000000    0.330675    0.007528
54.333333    0.339841    0.000913
54.666667    0.343568    0.000602
55.000000    0.351192    0.005886
55.333333    0.357361    0.005866
55.666667    0.360545    0.005819
56.000000    0.361912    0.013311
56.333333    0.360796    0.031528
56.666667    0.361350    0.023605
57.000000    0.361713    0.031217
57.333333    0.363933    0.029388
57.666667    0.369576    0.021852
58.000000    0.373972    0.029663
58.333333    0.379201    0.023932
58.666667    0.383676    0.045042
59.000000    0.391858    0.051789
59.333333    0.390411    0.049032
59.666667    0.368552    0.033465
60.000000    0.364196    0.014339
60.333333    0.357469    0.003571
60.666667    0.356990    0.015778
61.000000    0.358947    0.010509
61.333333    0.359314    0.005858
61.666667    0.360968    0.005129
62.000000    0.360541    0.005922
62.333333    0.363694    0.013044
62.666667    0.363714    0.018177
63.000000    0.364188    0.022756
63.333333    0.363606    0.024322
63.666667    0.361753    0.032688
64.000000    0.361669    0.007006
64.333333    0.360764    0.007229
64.666667    0.360362    0.010218
65.000000    0.359995    0.009728
65.333333    0.357461    0.020915
65.666667    0.357696    0.019476
66.000000    0.358301    0.017197
66.333333    0.360163    0.017013
66.666667    0.360816    0.016344
67.000000    0.356305    0.028236
67.333333    0.376762    0.065814
67.666667    0.382484    0.076192
68.000000    0.388885    0.075805
68.333333    0.394791    0.081277
68.666667    0.379723    0.073641
69.000000    0.359581    0.055591
69.333333    0.363626    0.024641
69.666667    0.361211    0.056671
70.000000    0.359393    0.063885
70.333333    0.361195    0.068062
70.666667    0.358449    0.048075
71.000000    0.363179    0.051658
71.333333    0.364578    0.057803
71.666667    0.368213    0.065957
72.000000    0.371979    0.064044
72.333333    0.372047    0.075638
72.666667    0.369735    0.072123
73.000000    0.368225    0.069337
73.333333    0.368564    0.076881
73.666667    0.362626    0.078667
74.000000    0.357074    0.063522
74.333333    0.356532    0.062693
74.666667    0.349849    0.055269
75.000000    0.351403    0.051825
75.333333    0.356540    0.054021
75.666667    0.355460    0.058293
76.000000    0.356452    0.049805
76.333333    0.360127    0.057911
76.666667    0.359385    0.047150
77.000000    0.360167    0.064020
77.333333    0.360003    0.062143
77.666667    0.366408    0.074055
78.000000    0.370612    0.075000
78.333333    0.369763    0.056496
78.666667    0.369050    0.047577
79.000000    0.370238    0.039016
79.333333    0.368879    0.039279
79.666667    0.363052    0.049271
80.000000    0.366137    0.024884
80.333333    0.374195    0.030747
80.666667    0.378710    0.053415
81.000000    0.375956    0.033744
81.333333    0.376239    0.039008
81.666667    0.374275    0.035214
82.000000    0.371529    0.044261
82.333333    0.368404    0.047888
82.666667    0.369863    0.034999
83.000000    0.371230    0.032520
83.333333    0.367998    0.030189
83.666667    0.365427    0.026443
84.000000    0.359417    0.030751
84.333333    0.358126    0.024542
84.666667    0.356771    0.022744
85.000000    0.359860    0.027766
85.333333    0.362789    0.024837
85.666667    0.368109    0.033214
86.000000    0.367751    0.026550
86.333333    0.367520    0.025498
86.666667    0.372589    0.026646
87.000000    0.370142    0.023159
87.333333    0.370070    0.009425
87.666667    0.365786    0.006966
88.000000    0.362916    0.011773
88.333333    0.362777    0.012195
88.666667    0.363670    0.012319
89.000000    0.363602    0.034800
89.333333    0.363179    0.035752
89.666667    0.364004    0.033357
90.000000    0.365579    0.031432
90.333333    0.359178    0.026379
90.666667    0.359362    0.021138
91.000000    0.357014    0.017284
91.333333    0.355966    0.019329
91.666667    0.355420    0.019951
92.000000    0.358668    0.024291
92.333333    0.357819    0.020457
92.666667    0.358533    0.024653
93.000000    0.358210    0.031321
93.333333    0.360194    0.027383
93.666667    0.359724    0.030739
94.000000    0.359943    0.038558
94.333333    0.360266    0.032138
94.666667    0.359569    0.033142
95.000000    0.360035    0.027630
95.333333    0.361175    0.029021
95.666667    0.360434    0.083568
96.000000    0.363702    0.099382
96.333333    0.366671    0.137151
96.666667    0.371668    0.188275
97.000000    0.380045    0.218751
97.333333    0.383931    0.220752
97.666667    0.388447    0.221130
98.000000    0.392675    0.275534
98.333333    0.393544    0.250104
98.666667    0.392978    0.157520
99.000000    0.397362    0.267408
99.333333    0.394811    0.283074
99.666667    0.396286    0.263769
100.000000    0.398079    0.115463
100.333333    0.400602    0.181452
100.666667    0.402136    0.209374
101.000000    0.405994    0.231683
101.333333    0.404408    0.214439
101.666667    0.396748    0.203714
102.000000    0.394564    0.175873
102.333333    0.387390    0.166930
102.666667    0.374681    0.190200
103.000000    0.369277    0.226837
103.333333    0.353830    0.210713
103.666667    0.354727    0.077535
104.000000    0.352782    0.133533
104.333333    0.345146    0.065555
104.666667    0.343839    0.127889
105.000000    0.351813    0.191762
105.333333    0.356153    0.161677
105.666667    0.356241    0.185003
106.000000    0.363474    0.165312
106.333333    0.364291    0.198836
106.666667    0.361498    0.218504
107.000000    0.354515    0.181632
107.333333    0.350151    0.199390
107.666667    0.348569    0.194341
108.000000    0.346070    0.246696
108.333333    0.347147    0.189367
108.666667    0.338710    0.126598
109.000000    0.345584    0.245389
109.333333    0.358788    0.219986
109.666667    0.358206    0.169158
110.000000    0.329755    0.159377
110.333333    0.317659    0.095724
110.666667    0.324653    0.188582
111.000000    0.341328    0.160167
111.333333    0.350339    0.169815
111.666667    0.346872    0.141607
112.000000    0.347720    0.158206
112.333333    0.349040    0.179970
112.666667    0.359055    0.126124
113.000000    0.369592    0.167579
113.333333    0.374319    0.158090
113.666667    0.366567    0.156795
114.000000    0.367659    0.113542
114.333333    0.373462    0.134593
114.666667    0.365264    0.193719
115.000000    0.361071    0.198605
115.333333    0.363427    0.235872
115.666667    0.334613    0.235904
116.000000    0.315929    0.227610
116.333333    0.309310    0.166974
116.666667    0.307716    0.227475
117.000000    0.313179    0.237366
117.333333    0.330946    0.241184
117.666667    0.316479    0.226925
118.000000    0.307265    0.198549
118.333333    0.313223    0.226040
118.666667    0.310733    0.218388
119.000000    0.307002    0.258138
119.333333    0.309629    0.274793
119.666667    0.307588    0.215152
120.000000    0.292826    0.261322
120.333333    0.284796    0.266149
120.666667    0.273892    0.264403
121.000000    0.275566    0.270453
121.333333    0.277571    0.242157
121.666667    0.270114    0.251367
122.000000    0.264618    0.221756
122.333333    0.267316    0.183022
122.666667    0.274841    0.206173
123.000000    0.268994    0.197374
123.333333    0.260509    0.181070
123.666667    0.253667    0.085740
124.000000    0.240738    0.137088
124.333333    0.239666    0.118938
124.666667    0.239124    0.132030
125.000000    0.245170    0.107313
125.333333    0.245297    0.152571
125.666667    0.238646    0.130711
126.000000    0.239056    0.141627
126.333333    0.240300    0.145289
126.666667    0.252630    0.071146
127.000000    0.271286    0.050379
127.333333    0.279436    0.086737
127.666667    0.297720    0.142161
128.000000    0.323027    0.175737
128.333333    0.296369    0.182971
128.666667    0.269193    0.148334
129.000000    0.249709    0.120118
129.333333    0.236027    0.108513
129.666667    0.229264    0.123541
130.000000    0.224538    0.117412
130.333333    0.222437    0.093671
130.666667    0.220604    0.083776
131.000000    0.217037    0.054571
131.333333    0.212705    0.043038
131.666667    0.210310    0.046828
132.000000    0.206763    0.047278
132.333333    0.198725    0.035920
132.666667    0.198649    0.034130
133.000000    0.200869    0.035155
133.333333    0.201124    0.042747
133.666667    0.200833    0.030037
134.000000    0.205400    0.049000
134.333333    0.218026    0.033748
134.666667    0.232803    0.064722
135.000000    0.240459    0.100546
135.333333    0.262450    0.111015
135.666667    0.260980    0.144524
136.000000    0.276439    0.162765
136.333333    0.250004    0.156938
136.666667    0.241037    0.127327
137.000000    0.233537    0.136697
137.333333    0.232353    0.128981
137.666667    0.230360    0.153862
138.000000    0.236717    0.160011
138.333333    0.232062    0.156711
138.666667    0.234362    0.141451
139.000000    0.235083    0.130018
139.333333    0.218440    0.127694
139.666667    0.206018    0.077503
140.000000    0.202861    0.035832
140.333333    0.205085    0.037522
140.666667    0.204587    0.020094
141.000000    0.210095    0.029878
141.333333    0.211255    0.036370
141.666667    0.220257    0.034597
142.000000    0.245648    0.064602
142.333333    0.250323    0.090854
142.666667    0.262749    0.115567
143.000000    0.269967    0.083198
143.333333    0.276598    0.091145
143.666667    0.232887    0.097103
144.000000    0.224075    0.072246
144.333333    0.235717    0.099785
144.666667    0.248011    0.137418
145.000000    0.237163    0.154850
145.333333    0.223067    0.118819
145.666667    0.224558    0.117982
146.000000    0.221385    0.104758
146.333333    0.214483    0.101698
146.666667    0.208258    0.085581
147.000000    0.202559    0.066440
147.333333    0.197127    0.068348
147.666667    0.195313    0.070513
148.000000    0.196529    0.065897
148.333333    0.196497    0.075825
148.666667    0.196310    0.074155
149.000000    0.196258    0.109736
149.333333    0.199012    0.095780
149.666667    0.200076    0.087893
150.000000    0.197206    0.100052
150.333333    0.198119    0.089897
150.666667    0.200060    0.085454
151.000000    0.200538    0.095309
151.333333    0.199948    0.069054
151.666667    0.197987    0.069261
152.000000    0.202463    0.053049
152.333333    0.213028    0.061191
152.666667    0.221844    0.057564
153.000000    0.215228    0.064897
153.333333    0.213032    0.067834
153.666667    0.205599    0.048254
154.000000    0.206580    0.060198
154.333333    0.209079    0.081018
154.666667    0.210509    0.073007
155.000000    0.213470    0.099147
155.333333    0.205229    0.090104
155.666667    0.198653    0.082995
156.000000    0.197266    0.059557
156.333333    0.193348    0.064080
156.666667    0.192141    0.048505
157.000000    0.189415    0.040156
157.333333    0.192942    0.035163
157.666667    0.191117    0.037000
158.000000    0.188610    0.009756
158.333333    0.189144    0.016005
158.666667    0.188387    0.023127
159.000000    0.186506    0.005356
159.333333    0.188981    0.000000
159.666667    0.220242    0.054962
160.000000    0.228101    0.100733
160.333333    0.207373    0.081990
160.666667    0.190587    0.087402
161.000000    0.195692    0.081161
161.333333    0.194767    0.079161
161.666667    0.193520    0.054679
162.000000    0.188478    0.045413
162.333333    0.185916    0.034668
162.666667    0.196676    0.032724
163.000000    0.213829    0.055659
163.333333    0.206795    0.084824
163.666667    0.195094    0.096752
164.000000    0.198103    0.092555
164.333333    0.199191    0.078332
164.666667    0.194963    0.088478
165.000000    0.189275    0.084776
165.333333    0.187741    0.062239
165.666667    0.191380    0.059633
166.000000    0.193879    0.048828
166.333333    0.191356    0.041380
166.666667    0.190686    0.027383
167.000000    0.190619    0.024657
167.333333    0.189180    0.005420
167.666667    0.188112    0.004089
168.000000    0.204380    0.025195
168.333333    0.220325    0.060226
168.666667    0.222844    0.072744
169.000000    0.202013    0.068723
169.333333    0.192189    0.049398
169.666667    0.189857    0.055587
170.000000    0.196098    0.049163
170.333333    0.201295    0.071549
170.666667    0.198629    0.054535
171.000000    0.194341    0.039762
171.333333    0.189969    0.026200
171.666667    0.185900    0.019293
172.000000    0.183154    0.011131
172.333333    0.182341    0.003619
172.666667    0.183417    0.002292
173.000000    0.184150    0.000000
173.333333    0.183851    0.003288
173.666667    0.184417    0.005707
174.000000    0.184772    0.005998
174.333333    0.186000    0.007253
174.666667    0.185808    0.010179
175.000000    0.185410    0.000000
175.333333    0.184991    0.006695
175.666667    0.191997    0.016543
176.000000    0.207325    0.047406
176.333333    0.217687    0.023191
176.666667    0.221875    0.081436
177.000000    0.245544    0.085984
177.333333    0.246003    0.152674
177.666667    0.252112    0.165794
178.000000    0.229747    0.172310
178.333333    0.211613    0.129384
178.666667    0.207126    0.115993
179.000000    0.213514    0.101941
179.333333    0.226463    0.122804
179.666667    0.238718    0.126598
180.000000    0.237095    0.101144
180.333333    0.230667    0.101941
180.666667    0.222390    0.109397
181.000000    0.217073    0.074000
181.333333    0.212924    0.058744
181.666667    0.211414    0.066065
182.000000    0.209844    0.047322
182.333333    0.206484    0.039614
182.666667    0.207488    0.023063
183.000000    0.216699    0.029583
183.333333    0.218568    0.056078
183.666667    0.222645    0.058660
184.000000    0.230583    0.076407
184.333333    0.232066    0.084389
184.666667    0.227343    0.084055
185.000000    0.224693    0.082959
185.333333    0.221286    0.074701
185.666667    0.218448    0.062163
186.000000    0.216356    0.056357
186.333333    0.214746    0.055205
186.666667    0.213454    0.044393
187.000000    0.213187    0.043839
187.333333    0.212901    0.013419
187.666667    0.214016    0.015340
188.000000    0.214343    0.015160
188.333333    0.214985    0.014347
188.666667    0.214566    0.010573
189.000000    0.212893    0.027810
189.333333    0.213239    0.014120
189.666667    0.213359    0.012614
190.000000    0.213698    0.007548
190.333333    0.214794    0.005173
190.666667    0.214909    0.007915
191.000000    0.218819    0.021553
191.333333    0.220819    0.027563
191.666667    0.223067    0.024267
192.000000    0.225825    0.036302
192.333333    0.227503    0.036709
192.666667    0.227778    0.051275
193.000000    0.222677    0.036203
193.333333    0.222123    0.048521
193.666667    0.222840    0.044444
194.000000    0.223091    0.071166
194.333333    0.219468    0.049797
194.666667    0.216428    0.025757
195.000000    0.217217    0.015670
195.333333    0.218807    0.021437
195.666667    0.220943    0.032281
196.000000    0.222414    0.017476
196.333333    0.226411    0.019799
196.666667    0.235976    0.050725
197.000000    0.240387    0.067145
197.333333    0.242810    0.060984
197.666667    0.249450    0.069540
198.000000    0.257588    0.081891
198.333333    0.263116    0.065188
198.666667    0.264495    0.090638
199.000000    0.270915    0.109354
199.333333    0.283672    0.127232
199.666667    0.292372    0.142324
200.000000    0.324227    0.134732
200.333333    0.323191    0.094094
200.666667    0.327037    0.094054
201.000000    0.332014    0.087283
201.333333    0.348258    0.101901
201.666667    0.352726    0.101188
202.000000    0.347892    0.129854
202.333333    0.363965    0.132680
202.666667    0.368233    0.137586
203.000000    0.375737    0.190324
203.333333    0.393763    0.206536
203.666667    0.408640    0.224334
204.000000    0.431755    0.129161
204.333333    0.435736    0.156388
204.666667    0.435139    0.242400
205.000000    0.435772    0.214124
205.333333    0.415882    0.184716
205.666667    0.403977    0.164056
206.000000    0.389841    0.092237
206.333333    0.371027    0.159979
206.666667    0.369715    0.159664
207.000000    0.369066    0.148123
207.333333    0.373099    0.134880
207.666667    0.380436    0.128949
208.000000    0.391874    0.157114
208.333333    0.392225    0.142508
208.666667    0.390591    0.146314
209.000000    0.398936    0.127853
209.333333    0.412546    0.126000
209.666667    0.425263    0.157576
210.000000    0.429105    0.149247
210.333333    0.430324    0.161793
210.666667    0.443113    0.169540
211.000000    0.448330    0.178288
211.333333    0.441165    0.164933
211.666667    0.441252    0.153140
212.000000    0.448677    0.174167
212.333333    0.434142    0.188706
212.666667    0.428463    0.167404
213.000000    0.454069    0.181683
213.333333    0.472924    0.214889
213.666667    0.499578    0.251020
214.000000    0.505340    0.271302
214.333333    0.517942    0.286358
214.666667    0.546477    0.304707
215.000000    0.562052    0.317145
215.333333    0.557536    0.346469
215.666667    0.548294    0.371258
216.000000    0.531269    0.363666
216.333333    0.509198    0.388470
216.666667    0.493185    0.379663
217.000000    0.496999    0.377594
217.333333    0.489574    0.381958
217.666667    0.487092    0.354344
218.000000    0.475159    0.348964
218.333333    0.460736    0.337821
218.666667    0.450689    0.324861
219.000000    0.439606    0.241671
219.333333    0.438183    0.270728
219.666667    0.438160    0.274936
220.000000    0.436111    0.217300
220.333333    0.431038    0.223745
220.666667    0.425578    0.232803
221.000000    0.422362    0.194265
221.333333    0.419385    0.197983
221.666667    0.420050    0.196608
222.000000    0.427108    0.233748
222.333333    0.408034    0.211984
222.666667    0.392623    0.194118
223.000000    0.371557    0.126048
223.333333    0.366878    0.085410
223.666667    0.373912    0.078407
224.000000    0.379053    0.078065
224.333333    0.384832    0.089379
224.666667    0.390252    0.113219
225.000000    0.395285    0.103746
225.333333    0.405703    0.117743
225.666667    0.406671    0.129902
226.000000    0.409537    0.153778
226.333333    0.410226    0.154818
226.666667    0.421326    0.159939
227.000000    0.430014    0.179220
227.333333    0.438578    0.202419
227.666667    0.443763    0.218448
228.000000    0.442619    0.220361
228.333333    0.446393    0.233931
228.666667    0.472342    0.257237
229.000000    0.488737    0.230791
229.333333    0.487988    0.267747
229.666667    0.479017    0.233796
230.000000    0.451092    0.147900
230.333333    0.423573    0.108142
230.666667    0.385597    0.100869
231.000000    0.359126    0.048342
231.333333    0.349422    0.014933
231.666667    0.347099    0.006552
232.000000    0.346573    0.006675
232.333333    0.348003    0.009461
232.666667    0.349534    0.004484
233.000000    0.350574    0.006656
233.333333    0.351873    0.003886
233.666667    0.352885    0.003168
234.000000    0.351084    0.005392
234.333333    0.353981    0.003874
234.666667    0.354870    0.013702
235.000000    0.354519    0.019875
235.333333    0.354770    0.009876
235.666667    0.352232    0.021365
236.000000    0.353866    0.018835
236.333333    0.355456    0.018863
236.666667    0.348725    0.017942
237.000000    0.347421    0.007652
237.333333    0.344700    0.003997
237.666667    0.344413    0.005324
238.000000    0.343711    0.028599
238.333333    0.345461    0.012263
238.666667    0.347987    0.023577
239.000000    0.351188    0.019066
239.333333    0.355061    0.018823
239.666667    0.357732    0.048334
240.000000    0.362841    0.046875
240.333333    0.355125    0.053021
240.666667    0.355544    0.044165
241.000000    0.361522    0.044755
241.333333    0.363586    0.049701
241.666667    0.354599    0.031659
242.000000    0.341714    0.016938
242.333333    0.341595    0.000040
242.666667    0.342085    0.000000
243.000000    0.341483    0.004057
243.333333    0.342444    0.001024
243.666667    0.343050    0.001742
244.000000    0.343496    0.001379
244.333333    0.345305    0.001068
244.666667    0.346134    0.007608
245.000000    0.348079    0.009370
245.333333    0.349079    0.027690
245.666667    0.355065    0.048478
246.000000    0.359230    0.049338
246.333333    0.360458    0.051263
246.666667    0.361673    0.060485
247.000000    0.370899    0.074964
247.333333    0.375339    0.050263
247.666667    0.383843    0.073832
248.000000    0.367659    0.076239
248.333333    0.352698    0.062303
248.666667    0.355508    0.052822
249.000000    0.365252    0.044600
249.333333    0.374167    0.060736
249.666667    0.367850    0.084868
250.000000    0.348988    0.068058
250.333333    0.341655    0.028527
250.666667    0.339570    0.013478
251.000000    0.342970    0.024040
251.333333    0.340933    0.039766
251.666667    0.343627    0.059633
252.000000    0.350622    0.074506
252.333333    0.361864    0.075797
252.666667    0.369448    0.065965
253.000000    0.371365    0.072804
253.333333    0.358987    0.038084
253.666667    0.355113    0.055595
254.000000    0.373924    0.019409
254.333333    0.395855    0.058246
254.666667    0.405711    0.074251
255.000000    0.390447    0.043787
255.333333    0.392822    0.028041
255.666667    0.390623    0.043193
256.000000    0.400096    0.042591
256.333333    0.407166    0.049681
256.666667    0.409063    0.059110
257.000000    0.397916    0.055858
257.333333    0.387088    0.045014
257.666667    0.386231    0.035322
258.000000    0.390543    0.031636
258.333333    0.390658    0.053085
258.666667    0.388470    0.075789
259.000000    0.385390    0.068476
259.333333    0.388498    0.047792
259.666667    0.385015    0.041770
260.000000    0.381381    0.051267
260.333333    0.376295    0.066966
260.666667    0.376781    0.051849
261.000000    0.379145    0.048107
261.333333    0.384095    0.026196
261.666667    0.391567    0.026144
262.000000    0.400175    0.042739
262.333333    0.399976    0.067735
262.666667    0.405739    0.052272
263.000000    0.406851    0.068946
263.333333    0.409605    0.077064
263.666667    0.408664    0.071493
264.000000    0.408011    0.079966
264.333333    0.401793    0.063718
264.666667    0.394397    0.044468
265.000000    0.393994    0.035936
265.333333    0.388156    0.050845
265.666667    0.392161    0.039766
266.000000    0.398697    0.032321
266.333333    0.405631    0.039475
266.666667    0.406863    0.032903
267.000000    0.407066    0.076658
267.333333    0.406400    0.053176
267.666667    0.398681    0.041368
268.000000    0.389092    0.045939
268.333333    0.391256    0.046585
268.666667    0.395871    0.024032
269.000000    0.393811    0.026020
269.333333    0.399135    0.047720
269.666667    0.397641    0.038570
270.000000    0.405097    0.047150
270.333333    0.406867    0.052642
270.666667    0.402080    0.059226
271.000000    0.404926    0.051638
271.333333    0.393077    0.049900
271.666667    0.395991    0.042045
272.000000    0.401299    0.042169
272.333333    0.400430    0.039877
272.666667    0.400713    0.048765
273.000000    0.398398    0.030938
273.333333    0.401140    0.027048
273.666667    0.403077    0.022549
274.000000    0.401267    0.013785
274.333333    0.400251    0.016101
274.666667    0.402224    0.019225
275.000000    0.403802    0.013694
275.333333    0.403977    0.015802
275.666667    0.406377    0.033082
276.000000    0.405767    0.038781
276.333333    0.404185    0.046784
276.666667    0.406189    0.036027
277.000000    0.403017    0.046126
277.333333    0.404468    0.042189
277.666667    0.403746    0.052048
278.000000    0.406875    0.055587
278.333333    0.409951    0.064758
278.666667    0.413901    0.062231
279.000000    0.418360    0.041085
279.333333    0.421282    0.075610
279.666667    0.425578    0.093496
280.000000    0.424621    0.117021
280.333333    0.419440    0.190587
280.666667    0.416942    0.149024
281.000000    0.412637    0.175737
281.333333    0.405408    0.192001
281.666667    0.411916    0.209525
282.000000    0.416113    0.198258
282.333333    0.422182    0.172190
282.666667    0.418480    0.232712
283.000000    0.386673    0.200458
283.333333    0.375646    0.173374
283.666667    0.367153    0.221561
284.000000    0.363889    0.207337
284.333333    0.363215    0.173075
284.666667    0.364395    0.128810
285.000000    0.359872    0.111015
285.333333    0.362657    0.103364
285.666667    0.365204    0.154938
286.000000    0.372864    0.192157
286.333333    0.357066    0.165611
286.666667    0.356237    0.171349
287.000000    0.357480    0.192938
287.333333    0.360398    0.072657
287.666667    0.369034    0.130193
288.000000    0.360374    0.174530
288.333333    0.351570    0.194440
288.666667    0.350574    0.241802
289.000000    0.356520    0.226945
289.333333    0.351793    0.155727
289.666667    0.339933    0.256145
290.000000    0.336382    0.130221
290.333333    0.335095    0.200132
290.666667    0.331723    0.175147
291.000000    0.329970    0.183369
291.333333    0.325925    0.161139
291.666667    0.329723    0.175064
292.000000    0.338100    0.184621
292.333333    0.345963    0.179260
292.666667    0.324390    0.190124
293.000000    0.304531    0.206564
293.333333    0.304053    0.215009
293.666667    0.307373    0.230420
294.000000    0.301208    0.195349
294.333333    0.298597    0.133525
294.666667    0.297748    0.052977
295.000000    0.295182    0.162036
295.333333    0.300096    0.167846
295.666667    0.297712    0.186346
296.000000    0.300175    0.159533
296.333333    0.299729    0.161474
296.666667    0.297812    0.163614
297.000000    0.289491    0.091495
297.333333    0.283879    0.114467
297.666667    0.284007    0.139283
298.000000    0.287928    0.086342
298.333333    0.294421    0.104065
298.666667    0.310123    0.168213
299.000000    0.328926    0.162546
299.333333    0.329061    0.174099
299.666667    0.342105    0.114359
300.000000    0.337414    0.140965
300.333333    0.340814    0.155049
300.666667    0.342360    0.144676
301.000000    0.348298    0.094138
301.333333    0.332010    0.172621
301.666667    0.353543    0.115543
302.000000    0.378507    0.136641
302.333333    0.376247    0.153172
302.666667    0.374004    0.136243
303.000000    0.370979    0.168058
303.333333    0.354089    0.213458
303.666667    0.343157    0.169373
304.000000    0.337127    0.200849
304.333333    0.328874    0.186179
304.666667    0.311410    0.174008
305.000000    0.293540    0.159294
305.333333    0.279782    0.192428
305.666667    0.278128    0.017085
306.000000    0.282755    0.047661
306.333333    0.300889    0.142862
306.666667    0.313590    0.184226
307.000000    0.325163    0.178571
307.333333    0.342412    0.214327
307.666667    0.359166    0.251032
308.000000    0.351626    0.225207
308.333333    0.319504    0.231289
308.666667    0.297007    0.151495
309.000000    0.287446    0.163275
309.333333    0.297987    0.193022
309.666667    0.296752    0.165834
310.000000    0.287865    0.171844
310.333333    0.283282    0.118376
310.666667    0.281257    0.150267
311.000000    0.298011    0.172780
311.333333    0.310956    0.205655
311.666667    0.308453    0.177152
312.000000    0.280424    0.135458
312.333333    0.277192    0.101746
312.666667    0.272585    0.140678
313.000000    0.270477    0.118572
313.333333    0.266914    0.140662
313.666667    0.251514    0.156329
314.000000    0.251993    0.123430
314.333333    0.261107    0.073777
314.666667    0.265479    0.069703
315.000000    0.284493    0.109900
315.333333    0.309055    0.210350
315.666667    0.306755    0.231950
316.000000    0.291049    0.207321
316.333333    0.267520    0.210980
316.666667    0.249024    0.180767
317.000000    0.243376    0.185095
317.333333    0.231656    0.178069
317.666667    0.224410    0.156508
318.000000    0.228619    0.155560
318.333333    0.227543    0.142308
318.666667    0.225466    0.141515
319.000000    0.218030    0.129655
319.333333    0.213351    0.085326
319.666667    0.210661    0.090499
320.000000    0.208616    0.082174
320.333333    0.205053    0.073529
320.666667    0.192667    0.042687
321.000000    0.185920    0.020389
321.333333    0.185111    0.016734
321.666667    0.185270    0.008182
322.000000    0.185944    0.018189
322.333333    0.186494    0.019126
322.666667    0.186589    0.007357
323.000000    0.187622    0.022593
323.333333    0.188722    0.029922
323.666667    0.188718    0.025028
324.000000    0.187414    0.039116
324.333333    0.187319    0.039160
324.666667    0.188470    0.028902
325.000000    0.189435    0.035713
325.333333    0.190033    0.037231
325.666667    0.189690    0.036757
326.000000    0.190276    0.039638
326.333333    0.190587    0.035075
326.666667    0.191208    0.036015
327.000000    0.191392    0.050988
327.333333    0.188961    0.060888
327.666667    0.190754    0.047597
328.000000    0.191559    0.062115
328.333333    0.207983    0.087482
328.666667    0.219357    0.122565
329.000000    0.222370    0.063622
329.333333    0.235394    0.197864
329.666667    0.241137    0.169405
330.000000    0.224151    0.136155
330.333333    0.209465    0.126969
330.666667    0.198250    0.124338
331.000000    0.199378    0.091033
331.333333    0.198362    0.087355
331.666667    0.200929    0.095624
332.000000    0.215152    0.107465
332.333333    0.224215    0.112327
332.666667    0.230121    0.148099
333.000000    0.215953    0.138733
333.333333    0.207688    0.084844
333.666667    0.207086    0.091093
334.000000    0.202276    0.083309
334.333333    0.201495    0.084003
334.666667    0.196361    0.059513
335.000000    0.190503    0.045776
335.333333    0.194253    0.034182
335.666667    0.193420    0.043113
336.000000    0.187753    0.033194
336.333333    0.185601    0.027196
336.666667    0.187486    0.012020
337.000000    0.187060    0.015587
337.333333    0.186342    0.018930
337.666667    0.190722    0.026610
338.000000    0.202730    0.031341
338.333333    0.212905    0.039527
338.666667    0.217308    0.048175
339.000000    0.222414    0.055372
339.333333    0.213327    0.045226
339.666667    0.201857    0.052040
340.000000    0.197366    0.039248
340.333333    0.192958    0.035709
340.666667    0.196230    0.064184
341.000000    0.199705    0.048677
341.333333    0.196106    0.028180
341.666667    0.192914    0.015136
342.000000    0.189686    0.009298
342.333333    0.182863    0.003722
342.666667    0.182142    0.000000
343.000000    0.182265    0.000016
343.333333    0.182393    0.000064
343.666667    0.182600    0.000219
344.000000    0.181213    0.001303
344.333333    0.181301    0.000000
344.666667    0.181353    0.003081
345.000000    0.181428    0.000048
345.333333    0.181492    0.000239
345.666667    0.180161    0.002212
346.000000    0.180444    0.000351
346.333333    0.177865    0.007584
346.666667    0.177889    0.014889
347.000000    0.178762    0.014224
347.333333    0.179173    0.013474
347.666667    0.179464    0.005328
348.000000    0.178507    0.004480
348.333333    0.178949    0.004846
348.666667    0.178639    0.004312
349.000000    0.178782    0.000526
349.333333    0.179013    0.000315
349.666667    0.177989    0.000000
350.000000    0.178364    0.000000
350.333333    0.178806    0.000000
350.666667    0.178571    0.000000
351.000000    0.178555    0.000000
351.333333    0.186653    0.010788
351.666667    0.193050    0.028224
352.000000    0.202758    0.047242
352.333333    0.198402    0.050693
352.666667    0.192982    0.039929
353.000000    0.187968    0.027602
353.333333    0.188004    0.018651
353.666667    0.209939    0.035234
354.000000    0.221314    0.023581
354.333333    0.224239    0.055304
354.666667    0.216989    0.045991
355.000000    0.209768    0.054535
355.333333    0.203754    0.038183
355.666667    0.199334    0.001319
356.000000    0.195580    0.017663
356.333333    0.203810    0.051423
356.666667    0.215379    0.069815
357.000000    0.225933    0.076590
357.333333    0.223414    0.075685
357.666667    0.222051    0.082473
358.000000    0.239100    0.101279
358.333333    0.252487    0.136155
358.666667    0.276196    0.165726
359.000000    0.290264    0.154368
359.333333    0.299753    0.180432
359.666667    0.310701    0.117906
360.000000    0.326769    0.091778
360.333333    0.355201    0.108660
360.666667    0.388036    0.212271
361.000000    0.412299    0.286980
361.333333    0.401546    0.280213
361.666667    0.372728    0.235569
362.000000    0.334194    0.198741
362.333333    0.301467    0.173673
362.666667    0.287952    0.157516
363.000000    0.293384    0.130827
363.333333    0.305400    0.181428
363.666667    0.312785    0.174542
364.000000    0.316296    0.147115
364.333333    0.310067    0.149845
364.666667    0.309206    0.137905
365.000000    0.315682    0.075446
365.333333    0.327575    0.123597
365.666667    0.339411    0.133445
366.000000    0.347433    0.181871
366.333333    0.335641    0.132588
366.666667    0.322900    0.123649
367.000000    0.332604    0.116121
367.333333    0.358218    0.107608
367.666667    0.377559    0.140471
368.000000    0.381687    0.181715
368.333333    0.371389    0.161976
368.666667    0.365196    0.131536
369.000000    0.374295    0.143835
369.333333    0.381652    0.084983
369.666667    0.383062    0.122274
370.000000    0.393516    0.163857
370.333333    0.388303    0.159868
370.666667    0.376016    0.124944
371.000000    0.370927    0.090216
371.333333    0.366507    0.117611
371.666667    0.366232    0.122788
372.000000    0.377208    0.103906
372.333333    0.379236    0.103240
372.666667    0.374785    0.088965
373.000000    0.375590    0.088000
373.333333    0.382118    0.090435
373.666667    0.389762    0.113187
374.000000    0.402367    0.135338
374.333333    0.419484    0.156165
374.666667    0.436370    0.204252
375.000000    0.435310    0.203276
375.333333    0.437869    0.200020
375.666667    0.463558    0.195596
376.000000    0.491535    0.257999
376.333333    0.546425    0.263299
376.666667    0.586095    0.312343
377.000000    0.583333    0.338913
377.333333    0.573864    0.308018
377.666667    0.561920    0.250291
378.000000    0.536490    0.262111
378.333333    0.506807    0.257285
378.666667    0.497645    0.238335
379.000000    0.502511    0.209222
379.333333    0.511892    0.228643
379.666667    0.525885    0.216830
380.000000    0.563849    0.266077
380.333333    0.586777    0.314941
380.666667    0.615818    0.308708
381.000000    0.615204    0.288431
381.333333    0.602885    0.296286
381.666667    0.584764    0.290949
382.000000    0.576435    0.304344
382.333333    0.547537    0.297019

741
