0.333333    0.049801    0.000000
0.666667    0.049805    0.000000
1.000000    0.049837    0.000000
1.333333    0.050024    0.000000
1.666667    0.049888    0.000000
2.000000    0.050347    0.001343
2.333333    0.057022    0.012139
2.666667    0.053264    0.010031
3.000000    0.049330    0.003380
3.333333    0.049637    0.000000
3.666667    0.049502    0.000000
4.000000    0.049590    0.000000
4.333333    0.049597    0.000000
4.666667    0.049263    0.000255
5.000000    0.049609    0.000000
5.333333    0.049526    0.000000
5.666667    0.049510    0.000000
6.000000    0.052981    0.001801
6.333333    0.054344    0.004491
6.666667    0.055803    0.011840
7.000000    0.053519    0.017882
7.333333    0.050211    0.000518
7.666667    0.050028    0.000000
8.000000    0.049362    0.000012
8.333333    0.051407    0.004420
8.666667    0.055663    0.016077
9.000000    0.058808    0.037267
9.333333    0.060454    0.051467
9.666667    0.061414    0.047888
10.000000    0.055245    0.036773
10.333333    0.059039    0.029970
10.666667    0.084967    0.054105
11.000000    0.093548    0.107967
11.333333    0.105719    0.109537
11.666667    0.089917    0.113741
12.000000    0.083983    0.101068
12.333333    0.084776    0.090750
12.666667    0.075108    0.049805
13.000000    0.069851    0.057656
13.333333    0.077439    0.057799
13.666667    0.101279    0.088148
14.000000    0.119927    0.116774
14.333333    0.112179    0.102419
14.666667    0.097461    0.087980
15.000000    0.086924    0.067324
15.333333    0.061868    0.050458
15.666667    0.061813    0.032333
16.000000    0.071736    0.063323
16.333333    0.076192    0.070788
16.666667    0.065467    0.064774
17.000000    0.049048    0.034912
17.333333    0.049195    0.000897
17.666667    0.053125    0.006699
18.000000    0.064164    0.027905
18.333333    0.079790    0.056026
18.666667    0.089989    0.082429
19.000000    0.087813    0.103587
19.333333    0.086151    0.101383
19.666667    0.094688    0.093081
20.000000    0.101909    0.127080
20.333333    0.106022    0.150845
20.666667    0.074135    0.113996
21.000000    0.058309    0.044891
21.333333    0.062243    0.024203
21.666667    0.078678    0.065495
22.000000    0.099817    0.086079
22.333333    0.114463    0.119939
22.666667    0.135752    0.155037
23.000000    0.152021    0.157911
23.333333    0.149354    0.160800
23.666667    0.155528    0.174518
24.000000    0.140248    0.186239
24.333333    0.117703    0.179802
24.666667    0.103089    0.132385
25.000000    0.099139    0.110099
25.333333    0.100132    0.090694
25.666667    0.091962    0.092452
26.000000    0.108975    0.076271
26.333333    0.106552    0.136023
26.666667    0.098509    0.123952
27.000000    0.088056    0.105775
27.333333    0.086621    0.099311
27.666667    0.086123    0.091244
28.000000    0.065698    0.084162
28.333333    0.071345    0.077276
28.666667    0.083796    0.069707
29.000000    0.087610    0.106895
29.333333    0.092751    0.103304
29.666667    0.096381    0.111761
30.000000    0.085904    0.105842
30.333333    0.077555    0.084142
30.666667    0.078794    0.082174
31.000000    0.076989    0.090563
31.333333    0.092850    0.123860
31.666667    0.098920    0.142783
32.000000    0.117205    0.161378
32.333333    0.123641    0.184652
32.666667    0.112992    0.171652
33.000000    0.111442    0.166344
33.333333    0.109338    0.157871
33.666667    0.114248    0.140941
34.000000    0.133070    0.154476
34.333333    0.132979    0.157835
34.666667    0.113773    0.177957
35.000000    0.110832    0.157345
35.333333    0.104113    0.123111
35.666667    0.095803    0.138777
36.000000    0.099741    0.125733
36.333333    0.095309    0.118615
36.666667    0.094608    0.114427
37.000000    0.085713    0.086039
37.333333    0.082652    0.074996
37.666667    0.085382    0.093731
38.000000    0.100299    0.113120
38.333333    0.092221    0.114901
38.666667    0.080320    0.079248
39.000000    0.087534    0.078842
39.333333    0.088000    0.090678
39.666667    0.075056    0.080958
40.000000    0.057692    0.052686
40.333333    0.056616    0.039817
40.666667    0.067456    0.081050
41.000000    0.079352    0.092185
41.333333    0.090913    0.101048
41.666667    0.116073    0.110844
42.000000    0.137657    0.112382
42.333333    0.145668    0.105380
42.666667    0.153758    0.119074
43.000000    0.160912    0.141471
43.333333    0.157740    0.140834
43.666667    0.131516    0.160294
44.000000    0.091635    0.150367
44.333333    0.064347    0.053232
44.666667    0.065308    0.030787
45.000000    0.070453    0.048605
45.333333    0.063821    0.040913
45.666667    0.050315    0.018715
46.000000    0.050793    0.005727
46.333333    0.050709    0.006408
46.666667    0.049952    0.007763
47.000000    0.049757    0.009214
47.333333    0.049482    0.009437
47.666667    0.049370    0.001526
48.000000    0.048123    0.001212
48.333333    0.049032    0.003140
48.666667    0.055113    0.017308
49.000000    0.061135    0.032221
49.333333    0.067468    0.047390
49.666667    0.070931    0.058270
50.000000    0.076598    0.060685
50.333333    0.079850    0.058321
50.666667    0.068081    0.049924
51.000000    0.071373    0.039184
51.333333    0.073577    0.038072
51.666667    0.075438    0.044381
52.000000    0.058963    0.035226
52.333333    0.053515    0.017360
52.666667    0.063570    0.019281
53.000000    0.065507    0.043699
53.333333    0.065818    0.017559
53.666667    0.048633    0.012936
54.000000    0.048557    0.000000
54.333333    0.048051    0.000000
54.666667    0.046445    0.000183
55.000000    0.046465    0.000494
55.333333    0.046612    0.000821
55.666667    0.046951    0.000403
56.000000    0.046939    0.000646
56.333333    0.046636    0.005528
56.666667    0.046672    0.003101
57.000000    0.046911    0.002842
57.333333    0.047031    0.001239
57.666667    0.047278    0.001913
58.000000    0.047007    0.000279
58.333333    0.047210    0.000000
58.666667    0.059465    0.016886
59.000000    0.067643    0.040212
59.333333    0.069488    0.061115
59.666667    0.071664    0.033497
60.000000    0.054368    0.028682
60.333333    0.046565    0.006572
60.666667    0.046529    0.000339
61.000000    0.046728    0.000586
61.333333    0.046656    0.000028
61.666667    0.046816    0.000000
62.000000    0.047326    0.001662
62.333333    0.047190    0.004017
62.666667    0.047174    0.004165
63.000000    0.047390    0.005886
63.333333    0.047302    0.005791
63.666667    0.046955    0.009338
64.000000    0.046911    0.004380
64.333333    0.047055    0.004571
64.666667    0.046581    0.005440
65.000000    0.046505    0.003678
65.333333    0.046808    0.005388
65.666667    0.046385    0.004974
66.000000    0.046027    0.009923
66.333333    0.046620    0.006580
66.666667    0.046477    0.003439
67.000000    0.046393    0.000689
67.333333    0.046429    0.002017
67.666667    0.050020    0.001893
68.000000    0.063036    0.017033
68.333333    0.071353    0.034095
68.666667    0.076873    0.041738
69.000000    0.064311    0.028360
69.333333    0.046401    0.013777
69.666667    0.046481    0.000128
70.000000    0.046513    0.000084
70.333333    0.046628    0.000020
70.666667    0.046238    0.001196
71.000000    0.046349    0.000407
71.333333    0.046477    0.000319
71.666667    0.046608    0.000371
72.000000    0.046505    0.000395
72.333333    0.046425    0.000052
72.666667    0.046545    0.000000
73.000000    0.046541    0.000000
73.333333    0.046573    0.000000
73.666667    0.046696    0.000000
74.000000    0.046218    0.000016
74.333333    0.046290    0.000000
74.666667    0.046429    0.000000
75.000000    0.046549    0.000048
75.333333    0.046561    0.000112
75.666667    0.046361    0.000586
76.000000    0.046521    0.000383
76.333333    0.046437    0.000000
76.666667    0.046608    0.000000
77.000000    0.046577    0.000000
77.333333    0.046557    0.000020
77.666667    0.046597    0.000191
78.000000    0.046740    0.000008
78.333333    0.046911    0.000000
78.666667    0.046879    0.000044
79.000000    0.045923    0.000199
79.333333    0.046062    0.000223
79.666667    0.046214    0.000542
80.000000    0.046553    0.000064
80.333333    0.049167    0.000000
80.666667    0.050147    0.000016
81.000000    0.050163    0.000000
81.333333    0.050020    0.000032
81.666667    0.047477    0.000000
82.000000    0.047302    0.000000
82.333333    0.046513    0.000139
82.666667    0.046684    0.000187
83.000000    0.046792    0.000068
83.333333    0.047015    0.000036
83.666667    0.047107    0.000008
84.000000    0.046190    0.000147
84.333333    0.046369    0.000426
84.666667    0.046708    0.001279
85.000000    0.046887    0.001160
85.333333    0.047043    0.000558
85.666667    0.046608    0.001080
86.000000    0.046302    0.001156
86.333333    0.045724    0.001423
86.666667    0.046086    0.001857
87.000000    0.047135    0.000462
87.333333    0.049366    0.000048
87.666667    0.048505    0.001108
88.000000    0.047079    0.002718
88.333333    0.047119    0.002965
88.666667    0.047043    0.003156
89.000000    0.045951    0.003077
89.333333    0.046154    0.003148
89.666667    0.046573    0.002885
90.000000    0.046812    0.000909
90.333333    0.046752    0.000733
90.666667    0.046581    0.000590
91.000000    0.046895    0.000566
91.333333    0.046903    0.000905
91.666667    0.047011    0.000426
92.000000    0.047087    0.004468
92.333333    0.046453    0.005344
92.666667    0.046385    0.004978
93.000000    0.046676    0.006496
93.333333    0.047107    0.004966
93.666667    0.047509    0.001295
94.000000    0.048007    0.002758
94.333333    0.048366    0.004870
94.666667    0.048960    0.004770
95.000000    0.048932    0.005974
95.333333    0.049271    0.010179
95.666667    0.048796    0.019034
96.000000    0.048502    0.015324
96.333333    0.048996    0.013646
96.666667    0.050717    0.017464
97.000000    0.053818    0.018460
97.333333    0.054978    0.018647
97.666667    0.055524    0.018930
98.000000    0.055548    0.025630
98.333333    0.053902    0.023306
98.666667    0.052311    0.019604
99.000000    0.052893    0.026570
99.333333    0.051901    0.026726
99.666667    0.050829    0.028304
100.000000    0.050614    0.032014
100.333333    0.049299    0.023015
100.666667    0.048039    0.040650
101.000000    0.049215    0.044887
101.333333    0.049582    0.046110
101.666667    0.050434    0.044421
102.000000    0.052431    0.030033
102.333333    0.053471    0.027634
102.666667    0.053148    0.029770
103.000000    0.054798    0.025040
103.333333    0.054727    0.021262
103.666667    0.055528    0.013873
104.000000    0.055882    0.030392
104.333333    0.055344    0.011426
104.666667    0.056054    0.011362
105.000000    0.055914    0.010190
105.333333    0.055440    0.000458
105.666667    0.053830    0.006257
106.000000    0.054946    0.003196
106.333333    0.055125    0.004272
106.666667    0.055181    0.004834
107.000000    0.054491    0.008967
107.333333    0.053914    0.012558
107.666667    0.054053    0.003595
108.000000    0.054244    0.015499
108.333333    0.054436    0.009178
108.666667    0.054571    0.007293
109.000000    0.049884    0.024486
109.333333    0.051706    0.011326
109.666667    0.055245    0.011000
110.000000    0.056086    0.004954
110.333333    0.055372    0.000183
110.666667    0.054966    0.000367
111.000000    0.053507    0.000032
111.333333    0.052830    0.006456
111.666667    0.053914    0.002200
112.000000    0.054707    0.001622
112.333333    0.053838    0.000036
112.666667    0.053842    0.000000
113.000000    0.053754    0.000000
113.333333    0.052463    0.001809
113.666667    0.052969    0.004523
114.000000    0.052718    0.003372
114.333333    0.054205    0.003758
114.666667    0.053930    0.000454
115.000000    0.054081    0.000000
115.333333    0.053894    0.000239
115.666667    0.048872    0.000187
116.000000    0.048238    0.000000
116.333333    0.048856    0.000000
116.666667    0.050502    0.000000
117.000000    0.051506    0.000060
117.333333    0.055850    0.002730
117.666667    0.055480    0.004659
118.000000    0.056381    0.002746
118.333333    0.056815    0.006815
118.666667    0.054739    0.004818
119.000000    0.052654    0.005878
119.333333    0.053734    0.007201
119.666667    0.055245    0.008557
120.000000    0.056775    0.013176
120.333333    0.058975    0.016774
120.666667    0.066519    0.029089
121.000000    0.070138    0.051522
121.333333    0.074868    0.077690
121.666667    0.069628    0.085135
122.000000    0.071389    0.088080
122.333333    0.072637    0.083090
122.666667    0.074868    0.072310
123.000000    0.070357    0.041886
123.333333    0.064554    0.047513
123.666667    0.055823    0.016711
124.000000    0.052941    0.004408
124.333333    0.052766    0.000000
124.666667    0.052770    0.000000
125.000000    0.052527    0.000000
125.333333    0.052571    0.000000
125.666667    0.052642    0.000056
126.000000    0.052889    0.000331
126.333333    0.053065    0.000367
126.666667    0.053053    0.000151
127.000000    0.057520    0.000685
127.333333    0.058022    0.000881
127.666667    0.052742    0.004248
128.000000    0.052240    0.000247
128.333333    0.052064    0.000000
128.666667    0.052232    0.000000
129.000000    0.054555    0.000438
129.333333    0.054655    0.000000
129.666667    0.054611    0.000000
130.000000    0.054396    0.001004
130.333333    0.054400    0.001319
130.666667    0.054181    0.004986
131.000000    0.054117    0.004121
131.333333    0.054149    0.002192
131.666667    0.054045    0.002411
132.000000    0.054185    0.001479
132.333333    0.054396    0.001176
132.666667    0.054683    0.001188
133.000000    0.054735    0.001208
133.333333    0.054938    0.001530
133.666667    0.055320    0.000191
134.000000    0.055041    0.000498
134.333333    0.054595    0.001044
134.666667    0.054320    0.001000
135.000000    0.053121    0.006121
135.333333    0.052567    0.003045
135.666667    0.051120    0.000960
136.000000    0.051654    0.001475
136.333333    0.052650    0.010561
136.666667    0.054392    0.007628
137.000000    0.055914    0.022812
137.333333    0.059923    0.022712
137.666667    0.061063    0.030878
138.000000    0.066866    0.040088
138.333333    0.070628    0.086067
138.666667    0.074067    0.079751
139.000000    0.076678    0.064168
139.333333    0.080117    0.067424
139.666667    0.073784    0.076092
140.000000    0.056125    0.031058
140.333333    0.057724    0.005922
140.666667    0.058007    0.009784
141.000000    0.057672    0.003961
141.333333    0.057564    0.019365
141.666667    0.049944    0.022537
142.000000    0.049063    0.017719
142.333333    0.046620    0.023410
142.666667    0.047621    0.032963
143.000000    0.047724    0.035314
143.333333    0.048649    0.044349
143.666667    0.047059    0.044233
144.000000    0.049570    0.009318
144.333333    0.049135    0.014953
144.666667    0.047402    0.020672
145.000000    0.047083    0.009250
145.333333    0.047629    0.007943
145.666667    0.049801    0.004344
146.000000    0.050012    0.006942
146.333333    0.050395    0.008022
146.666667    0.051064    0.006468
147.000000    0.050562    0.005751
147.333333    0.050096    0.015216
147.666667    0.050203    0.007875
148.000000    0.049785    0.013227
148.333333    0.050179    0.008752
148.666667    0.050199    0.006711
149.000000    0.050060    0.020672
149.333333    0.050139    0.007082
149.666667    0.050434    0.008732
150.000000    0.050243    0.009310
150.333333    0.050913    0.011370
150.666667    0.052423    0.013287
151.000000    0.055265    0.023007
151.333333    0.058433    0.029555
151.666667    0.059465    0.043333
152.000000    0.059561    0.035820
152.333333    0.060450    0.050279
152.666667    0.060222    0.042089
153.000000    0.058365    0.029762
153.333333    0.055520    0.028132
153.666667    0.051654    0.013526
154.000000    0.051136    0.003973
154.333333    0.051144    0.000000
154.666667    0.051028    0.000000
155.000000    0.050897    0.000155
155.333333    0.051020    0.000231
155.666667    0.050693    0.000956
156.000000    0.050909    0.000112
156.333333    0.051116    0.000036
156.666667    0.050988    0.000151
157.000000    0.050956    0.000116
157.333333    0.050725    0.000120
157.666667    0.050418    0.000000
158.000000    0.050550    0.000000
158.333333    0.050729    0.000000
158.666667    0.050805    0.000000
159.000000    0.050642    0.000000
159.333333    0.050084    0.000000
159.666667    0.049271    0.000000
160.000000    0.048231    0.000000
160.333333    0.047673    0.000000
160.666667    0.046660    0.000000
161.000000    0.046696    0.000036
161.333333    0.047310    0.000638
161.666667    0.048589    0.002192
162.000000    0.049872    0.007927
162.333333    0.052905    0.009230
162.666667    0.053276    0.009995
163.000000    0.053403    0.014861
163.333333    0.052766    0.018528
163.666667    0.052610    0.024235
164.000000    0.052164    0.022557
164.333333    0.052172    0.018169
164.666667    0.051172    0.021732
165.000000    0.051208    0.037478
165.333333    0.051614    0.031472
165.666667    0.052814    0.030002
166.000000    0.051873    0.005799
166.333333    0.051144    0.004950
166.666667    0.051168    0.000869
167.000000    0.051152    0.000295
167.333333    0.050913    0.000000
167.666667    0.050909    0.000000
168.000000    0.050805    0.000000
168.333333    0.049888    0.000000
168.666667    0.049542    0.000000
169.000000    0.047836    0.000100
169.333333    0.047928    0.000000
169.666667    0.048039    0.000016
170.000000    0.048836    0.000000
170.333333    0.049426    0.000036
170.666667    0.051024    0.000112
171.000000    0.050921    0.000000
171.333333    0.051036    0.000000
171.666667    0.051064    0.000000
172.000000    0.051172    0.000000
172.333333    0.051391    0.000000
172.666667    0.051431    0.000000
173.000000    0.051570    0.000000
173.333333    0.051558    0.000060
173.666667    0.051479    0.000275
174.000000    0.051259    0.001335
174.333333    0.051255    0.001594
174.666667    0.051196    0.001188
175.000000    0.051387    0.000000
175.333333    0.051566    0.000000
175.666667    0.051526    0.000028
176.000000    0.052543    0.002284
176.333333    0.054248    0.001686
176.666667    0.053136    0.010314
177.000000    0.051901    0.011653
177.333333    0.048745    0.014012
177.666667    0.048876    0.010689
178.000000    0.046852    0.007716
178.333333    0.049079    0.003113
178.666667    0.052359    0.009752
179.000000    0.056353    0.007975
179.333333    0.050223    0.001941
179.666667    0.050048    0.005862
180.000000    0.050028    0.004165
180.333333    0.050116    0.000000
180.666667    0.049880    0.000753
181.000000    0.049813    0.000084
181.333333    0.049825    0.000558
181.666667    0.050191    0.000705
182.000000    0.050522    0.000000
182.333333    0.051423    0.000000
182.666667    0.051255    0.000000
183.000000    0.051287    0.000000
183.333333    0.051411    0.000000
183.666667    0.051622    0.000000
184.000000    0.051630    0.000387
184.333333    0.051773    0.000000
184.666667    0.051853    0.000020
185.000000    0.051889    0.000000
185.333333    0.052104    0.000008
185.666667    0.051610    0.000199
186.000000    0.051746    0.000000
186.333333    0.051451    0.000092
186.666667    0.051558    0.000028
187.000000    0.051463    0.000000
187.333333    0.052021    0.000271
187.666667    0.052152    0.000215
188.000000    0.052387    0.000825
188.333333    0.052335    0.001431
188.666667    0.052264    0.001000
189.000000    0.051773    0.002128
189.333333    0.051789    0.000566
189.666667    0.051682    0.000199
190.000000    0.051945    0.000000
190.333333    0.052108    0.000000
190.666667    0.052044    0.000000
191.000000    0.052192    0.000000
191.333333    0.052200    0.000000
191.666667    0.052331    0.000000
192.000000    0.052264    0.000000
192.333333    0.057771    0.008572
192.666667    0.059704    0.022569
193.000000    0.059198    0.025391
193.333333    0.051809    0.025662
193.666667    0.052626    0.013690
194.000000    0.058903    0.031691
194.333333    0.060426    0.039670
194.666667    0.060673    0.030755
195.000000    0.053049    0.014606
195.333333    0.053212    0.007751
195.666667    0.053511    0.003328
196.000000    0.053244    0.000494
196.333333    0.052993    0.000000
196.666667    0.053615    0.000000
197.000000    0.053113    0.000757
197.333333    0.054480    0.006771
197.666667    0.054830    0.016141
198.000000    0.064188    0.004392
198.333333    0.068380    0.020090
198.666667    0.065654    0.037980
199.000000    0.054372    0.041455
199.333333    0.062123    0.040921
199.666667    0.068910    0.053475
200.000000    0.082150    0.057512
200.333333    0.081042    0.071565
200.666667    0.080145    0.066611
201.000000    0.067089    0.064618
201.333333    0.066659    0.050602
201.666667    0.072505    0.030755
202.000000    0.075606    0.042631
202.333333    0.062992    0.039287
202.666667    0.051977    0.013666
203.000000    0.052120    0.000685
203.333333    0.052048    0.000789
203.666667    0.056209    0.004169
204.000000    0.072055    0.028447
204.333333    0.089008    0.043229
204.666667    0.107652    0.095919
205.000000    0.107401    0.142352
205.333333    0.105105    0.114156
205.666667    0.091826    0.126602
206.000000    0.094931    0.087932
206.333333    0.098681    0.123832
206.666667    0.090842    0.103635
207.000000    0.075670    0.085103
207.333333    0.056177    0.040136
207.666667    0.057237    0.024239
208.000000    0.066667    0.020309
208.333333    0.068261    0.036470
208.666667    0.074841    0.052909
209.000000    0.063702    0.037402
209.333333    0.059533    0.019249
209.666667    0.066942    0.025387
210.000000    0.067966    0.020560
210.333333    0.078065    0.037171
210.666667    0.084919    0.048780
211.000000    0.084892    0.062661
211.333333    0.092918    0.061059
211.666667    0.090650    0.068783
212.000000    0.084381    0.064168
212.333333    0.088702    0.064626
212.666667    0.081783    0.066902
213.000000    0.068572    0.049593
213.333333    0.074653    0.039841
213.666667    0.093655    0.054930
214.000000    0.122131    0.107560
214.333333    0.124426    0.103200
214.666667    0.126542    0.090451
215.000000    0.144556    0.094476
215.333333    0.153758    0.104065
215.666667    0.165108    0.112996
216.000000    0.162410    0.125243
216.333333    0.155277    0.149653
216.666667    0.150853    0.170672
217.000000    0.154137    0.206958
217.333333    0.157580    0.200721
217.666667    0.167842    0.189483
218.000000    0.161031    0.179197
218.333333    0.153021    0.165642
218.666667    0.144233    0.162143
219.000000    0.121098    0.152483
219.333333    0.110645    0.151793
219.666667    0.102539    0.177535
220.000000    0.104507    0.154886
220.333333    0.102423    0.140128
220.666667    0.101762    0.131528
221.000000    0.095194    0.103077
221.333333    0.094401    0.089116
221.666667    0.105803    0.129986
222.000000    0.111569    0.160597
222.333333    0.110860    0.174777
222.666667    0.111478    0.145847
223.000000    0.087319    0.111131
223.333333    0.065232    0.063195
223.666667    0.052865    0.019253
224.000000    0.052447    0.003176
224.333333    0.057209    0.003770
224.666667    0.064148    0.017998
225.000000    0.071656    0.033572
225.333333    0.074466    0.028499
225.666667    0.076901    0.029906
226.000000    0.081851    0.041503
226.333333    0.079858    0.044755
226.666667    0.062661    0.039594
227.000000    0.067113    0.038897
227.333333    0.077893    0.053527
227.666667    0.091906    0.076459
228.000000    0.103527    0.097386
228.333333    0.114877    0.115495
228.666667    0.127682    0.152873
229.000000    0.140595    0.151208
229.333333    0.164674    0.167759
229.666667    0.171150    0.196290
230.000000    0.163530    0.155727
230.333333    0.156205    0.120748
230.666667    0.132843    0.118823
231.000000    0.095349    0.046824
231.333333    0.055763    0.019090
231.666667    0.050905    0.002136
232.000000    0.050781    0.003674
232.333333    0.050873    0.002455
232.666667    0.050909    0.000574
233.000000    0.051020    0.000865
233.333333    0.051068    0.000275
233.666667    0.051188    0.000000
234.000000    0.051184    0.000929
234.333333    0.051578    0.000020
234.666667    0.051789    0.000929
235.000000    0.051766    0.000239
235.333333    0.051965    0.000032
235.666667    0.051467    0.000877
236.000000    0.057433    0.010697
236.333333    0.058525    0.017910
236.666667    0.059557    0.018432
237.000000    0.052264    0.011366
237.333333    0.051463    0.004782
237.666667    0.051419    0.000885
238.000000    0.051514    0.002487
238.333333    0.051514    0.001921
238.666667    0.051738    0.001873
239.000000    0.051845    0.002407
239.333333    0.054679    0.006847
239.666667    0.056703    0.019086
240.000000    0.057704    0.014491
240.333333    0.056568    0.016950
240.666667    0.051363    0.005125
241.000000    0.055560    0.006508
241.333333    0.066611    0.023697
241.666667    0.068974    0.035812
242.000000    0.067472    0.037817
242.333333    0.051267    0.019452
242.666667    0.051204    0.000000
243.000000    0.051510    0.000526
243.333333    0.051383    0.000000
243.666667    0.051726    0.000733
244.000000    0.051754    0.000143
244.333333    0.051901    0.000458
244.666667    0.050745    0.001307
245.000000    0.051004    0.001502
245.333333    0.051064    0.000008
245.666667    0.051271    0.000351
246.000000    0.051180    0.000000
246.333333    0.054236    0.002343
246.666667    0.057839    0.004503
247.000000    0.058377    0.014407
247.333333    0.062566    0.019819
247.666667    0.069345    0.031141
248.000000    0.079029    0.050163
248.333333    0.064467    0.044652
248.666667    0.051160    0.015846
249.000000    0.052818    0.000335
249.333333    0.063291    0.012984
249.666667    0.082002    0.038941
250.000000    0.089574    0.063977
250.333333    0.067249    0.049976
250.666667    0.060633    0.018416
251.000000    0.056229    0.013793
251.333333    0.051518    0.006006
251.666667    0.051598    0.000000
252.000000    0.051670    0.000000
252.333333    0.054523    0.000562
252.666667    0.066260    0.012574
253.000000    0.073238    0.028431
253.333333    0.077690    0.031456
253.666667    0.075534    0.034768
254.000000    0.065359    0.036968
254.333333    0.085306    0.030998
254.666667    0.098585    0.059565
255.000000    0.083967    0.052100
255.333333    0.055890    0.024358
255.666667    0.055699    0.000000
256.000000    0.055599    0.000000
256.333333    0.059445    0.003758
256.666667    0.069146    0.011848
257.000000    0.076020    0.022804
257.333333    0.072696    0.023446
257.666667    0.057205    0.010549
258.000000    0.055870    0.000000
258.333333    0.056042    0.000020
258.666667    0.056102    0.000084
259.000000    0.055783    0.000000
259.333333    0.056034    0.000016
259.666667    0.055994    0.000159
260.000000    0.055966    0.000000
260.333333    0.055966    0.000000
260.666667    0.055970    0.000000
261.000000    0.055982    0.000000
261.333333    0.055819    0.000080
261.666667    0.055846    0.000000
262.000000    0.056066    0.000052
262.333333    0.055850    0.000000
262.666667    0.056094    0.000000
263.000000    0.055587    0.000000
263.333333    0.055783    0.000000
263.666667    0.055727    0.000000
264.000000    0.055707    0.000112
264.333333    0.055671    0.000000
264.666667    0.055779    0.000387
265.000000    0.055440    0.000056
265.333333    0.055392    0.000000
265.666667    0.055508    0.000000
266.000000    0.056548    0.000000
266.333333    0.059553    0.000000
266.666667    0.060768    0.000295
267.000000    0.061019    0.000000
267.333333    0.060844    0.000287
267.666667    0.058951    0.000000
268.000000    0.057018    0.000630
268.333333    0.056588    0.000000
268.666667    0.056392    0.000036
269.000000    0.056181    0.000000
269.333333    0.056265    0.000044
269.666667    0.055870    0.000008
270.000000    0.056153    0.000183
270.333333    0.056114    0.000032
270.666667    0.056173    0.000371
271.000000    0.056090    0.000120
271.333333    0.056002    0.002044
271.666667    0.056078    0.001267
272.000000    0.056516    0.003459
272.333333    0.057054    0.005257
272.666667    0.057544    0.003423
273.000000    0.057393    0.000956
273.333333    0.057604    0.001662
273.666667    0.057285    0.002152
274.000000    0.057449    0.000857
274.333333    0.057186    0.000251
274.666667    0.056468    0.001283
275.000000    0.056958    0.000869
275.333333    0.057162    0.001455
275.666667    0.057070    0.000901
276.000000    0.057186    0.000112
276.333333    0.057058    0.000000
276.666667    0.058003    0.000004
277.000000    0.057688    0.000028
277.333333    0.057811    0.000271
277.666667    0.057847    0.000000
278.000000    0.057951    0.000853
278.333333    0.057891    0.000387
278.666667    0.061390    0.002503
279.000000    0.067910    0.007094
279.333333    0.073179    0.015192
279.666667    0.076327    0.021266
280.000000    0.075159    0.021911
280.333333    0.072465    0.022358
280.666667    0.071632    0.031998
281.000000    0.070696    0.030269
281.333333    0.068364    0.030707
281.666667    0.062538    0.022087
282.000000    0.059788    0.009015
282.333333    0.059621    0.004476
282.666667    0.057074    0.000000
283.000000    0.050901    0.000020
283.333333    0.051128    0.000000
283.666667    0.049303    0.000147
284.000000    0.045592    0.001116
284.333333    0.047402    0.001690
284.666667    0.052367    0.005269
285.000000    0.054834    0.005667
285.333333    0.054428    0.002180
285.666667    0.053344    0.000458
286.000000    0.052240    0.010250
286.333333    0.053587    0.012076
286.666667    0.054990    0.008142
287.000000    0.054364    0.002822
287.333333    0.053061    0.000000
287.666667    0.052905    0.000757
288.000000    0.052650    0.001491
288.333333    0.049554    0.003694
288.666667    0.047824    0.002108
289.000000    0.048430    0.005388
289.333333    0.048920    0.000570
289.666667    0.052184    0.006867
290.000000    0.052343    0.005253
290.333333    0.052531    0.006066
290.666667    0.056014    0.002104
291.000000    0.056552    0.005125
291.333333    0.052993    0.001251
291.666667    0.050701    0.000255
292.000000    0.051084    0.001522
292.333333    0.051160    0.001602
292.666667    0.051694    0.004778
293.000000    0.052766    0.003686
293.333333    0.050120    0.001180
293.666667    0.050195    0.000000
294.000000    0.049956    0.000000
294.333333    0.050697    0.000781
294.666667    0.052818    0.003001
295.000000    0.051746    0.004527
295.333333    0.054647    0.005886
295.666667    0.049550    0.002327
296.000000    0.047987    0.000000
296.333333    0.045644    0.000000
296.666667    0.045963    0.000000
297.000000    0.048358    0.003487
297.333333    0.050128    0.008632
297.666667    0.050375    0.009413
298.000000    0.051204    0.007704
298.333333    0.048231    0.003706
298.666667    0.050108    0.005364
299.000000    0.050247    0.013522
299.333333    0.050036    0.015164
299.666667    0.051411    0.009892
300.000000    0.053360    0.003579
300.333333    0.057014    0.004113
300.666667    0.054703    0.009449
301.000000    0.057070    0.014395
301.333333    0.050976    0.007086
301.666667    0.046680    0.001642
302.000000    0.047449    0.002100
302.333333    0.051243    0.007720
302.666667    0.049853    0.008692
303.000000    0.051160    0.008879
303.333333    0.051730    0.005221
303.666667    0.051239    0.000104
304.000000    0.046286    0.002818
304.333333    0.046832    0.007058
304.666667    0.050422    0.007668
305.000000    0.047298    0.021011
305.333333    0.050980    0.020030
305.666667    0.052714    0.008640
306.000000    0.050805    0.000558
306.333333    0.049099    0.000231
306.666667    0.048573    0.000199
307.000000    0.048984    0.000761
307.333333    0.046043    0.001754
307.666667    0.046712    0.003934
308.000000    0.052547    0.004970
308.333333    0.054165    0.005508
308.666667    0.050072    0.001789
309.000000    0.045975    0.000000
309.333333    0.045644    0.000064
309.666667    0.045417    0.000550
310.000000    0.047246    0.000056
310.333333    0.045309    0.002750
310.666667    0.047852    0.002292
311.000000    0.047665    0.004866
311.333333    0.053216    0.006452
311.666667    0.047346    0.002957
312.000000    0.044512    0.000000
312.333333    0.044596    0.000000
312.666667    0.044967    0.000000
313.000000    0.047497    0.000000
313.333333    0.047294    0.000000
313.666667    0.047414    0.000000
314.000000    0.047545    0.000000
314.333333    0.047493    0.000000
314.666667    0.046720    0.000956
315.000000    0.046760    0.001766
315.333333    0.044971    0.000000
315.666667    0.044899    0.000000
316.000000    0.044628    0.000000
316.333333    0.044656    0.000000
316.666667    0.044803    0.000000
317.000000    0.045648    0.000000
317.333333    0.046720    0.000048
317.666667    0.047824    0.000000
318.000000    0.050534    0.000000
318.333333    0.050849    0.003567
318.666667    0.053746    0.011438
319.000000    0.056731    0.018783
319.333333    0.059142    0.028037
319.666667    0.061290    0.037470
320.000000    0.062570    0.031528
320.333333    0.063351    0.036577
320.666667    0.062131    0.042137
321.000000    0.052435    0.019652
321.333333    0.050793    0.007349
321.666667    0.050901    0.001016
322.000000    0.051132    0.001586
322.333333    0.050849    0.000426
322.666667    0.050861    0.001128
323.000000    0.050984    0.002467
323.333333    0.051072    0.001813
323.666667    0.051216    0.001542
324.000000    0.051498    0.002945
324.333333    0.051678    0.001638
324.666667    0.051702    0.001514
325.000000    0.051793    0.001387
325.333333    0.051706    0.001758
325.666667    0.051347    0.002268
326.000000    0.051455    0.000745
326.333333    0.051670    0.000538
326.666667    0.052666    0.003603
327.000000    0.054368    0.011402
327.333333    0.053941    0.016097
327.666667    0.055492    0.022704
328.000000    0.055831    0.031241
328.333333    0.055735    0.041416
328.666667    0.055874    0.059425
329.000000    0.054958    0.062566
329.333333    0.055089    0.051212
329.666667    0.056177    0.049195
330.000000    0.054244    0.021019
330.333333    0.052040    0.021792
330.666667    0.050223    0.025275
331.000000    0.050028    0.026419
331.333333    0.052690    0.028180
331.666667    0.052347    0.043269
332.000000    0.051363    0.036916
332.333333    0.053734    0.032389
332.666667    0.052268    0.011358
333.000000    0.050877    0.004360
333.333333    0.050749    0.000000
333.666667    0.050789    0.000000
334.000000    0.050534    0.000000
334.333333    0.050323    0.000000
334.666667    0.050215    0.000000
335.000000    0.050219    0.000000
335.333333    0.050506    0.000000
335.666667    0.050797    0.000092
336.000000    0.050741    0.000000
336.333333    0.050785    0.000000
336.666667    0.050841    0.000000
337.000000    0.050949    0.000000
337.333333    0.049805    0.000000
337.666667    0.049295    0.000000
338.000000    0.048992    0.000000
338.333333    0.048820    0.000000
338.666667    0.048402    0.000000
339.000000    0.047131    0.000100
339.333333    0.047645    0.000000
339.666667    0.049111    0.000000
340.000000    0.049841    0.000000
340.333333    0.050187    0.000000
340.666667    0.052443    0.000418
341.000000    0.052359    0.000000
341.333333    0.052499    0.000474
341.666667    0.052563    0.000789
342.000000    0.052519    0.000000
342.333333    0.051869    0.000000
342.666667    0.051873    0.000000
343.000000    0.052120    0.000000
343.333333    0.052044    0.000000
343.666667    0.052096    0.000000
344.000000    0.051750    0.000215
344.333333    0.051758    0.000000
344.666667    0.051694    0.000227
345.000000    0.051634    0.000155
345.333333    0.051813    0.000725
345.666667    0.051538    0.002164
346.000000    0.051610    0.000299
346.333333    0.050976    0.001785
346.666667    0.051076    0.009605
347.000000    0.051339    0.008863
347.333333    0.051387    0.008867
347.666667    0.051327    0.002475
348.000000    0.051399    0.000387
348.333333    0.051303    0.003742
348.666667    0.051347    0.002590
349.000000    0.051542    0.000889
349.333333    0.051646    0.000056
349.666667    0.051204    0.001088
350.000000    0.051176    0.000000
350.333333    0.051243    0.000016
350.666667    0.051335    0.000000
351.000000    0.051299    0.000000
351.333333    0.048796    0.000000
351.666667    0.048414    0.000000
352.000000    0.048330    0.000000
352.333333    0.048561    0.000000
352.666667    0.048581    0.000000
353.000000    0.055831    0.004053
353.333333    0.056269    0.004292
353.666667    0.055779    0.012598
354.000000    0.048733    0.005456
354.333333    0.047752    0.001901
354.666667    0.046086    0.003985
355.000000    0.046473    0.004814
355.333333    0.046473    0.002323
355.666667    0.047158    0.002196
356.000000    0.047147    0.005910
356.333333    0.047202    0.009760
356.666667    0.047378    0.008537
357.000000    0.047509    0.007413
357.333333    0.055627    0.016878
357.666667    0.053272    0.020305
358.000000    0.052467    0.023840
358.333333    0.050036    0.014546
358.666667    0.050897    0.012649
359.000000    0.051136    0.013614
359.333333    0.050893    0.014275
359.666667    0.055504    0.016635
360.000000    0.064248    0.031739
360.333333    0.080775    0.028085
360.666667    0.106919    0.115407
361.000000    0.143707    0.130308
361.333333    0.171577    0.139901
361.666667    0.162056    0.136135
362.000000    0.126439    0.096597
362.333333    0.079914    0.061306
362.666667    0.051873    0.034019
363.000000    0.052080    0.011888
363.333333    0.054308    0.024123
363.666667    0.066388    0.046983
364.000000    0.077646    0.073661
364.333333    0.080846    0.097127
364.666667    0.058592    0.086227
365.000000    0.052650    0.065061
365.333333    0.057656    0.066970
365.666667    0.070979    0.069652
366.000000    0.080065    0.075167
366.333333    0.091571    0.087414
366.666667    0.079448    0.073015
367.000000    0.057457    0.049864
367.333333    0.054487    0.026411
367.666667    0.061139    0.027160
368.000000    0.072904    0.054822
368.333333    0.090626    0.078463
368.666667    0.086067    0.093089
369.000000    0.073792    0.079364
369.333333    0.073864    0.082058
369.666667    0.087765    0.069301
370.000000    0.090746    0.087502
370.333333    0.093209    0.100187
370.666667    0.095393    0.093341
371.000000    0.074518    0.063753
371.333333    0.068352    0.036023
371.666667    0.068576    0.026156
372.000000    0.069536    0.050885
372.333333    0.080153    0.062566
372.666667    0.078125    0.060473
373.000000    0.063128    0.047103
373.333333    0.055675    0.027929
373.666667    0.057473    0.035489
374.000000    0.063387    0.037522
374.333333    0.065300    0.038466
374.666667    0.074514    0.049059
375.000000    0.080663    0.066009
375.333333    0.091786    0.073964
375.666667    0.091388    0.086645
376.000000    0.088853    0.081388
376.333333    0.113542    0.082660
376.666667    0.148015    0.118735
377.000000    0.174733    0.115308
377.333333    0.188447    0.136553
377.666667    0.192547    0.150446
378.000000    0.175371    0.136382
378.333333    0.151809    0.133927
378.666667    0.125414    0.100678
379.000000    0.120461    0.086557
379.333333    0.124255    0.087853
379.666667    0.119094    0.108760
380.000000    0.135362    0.111832
380.333333    0.155835    0.142575
380.666667    0.185206    0.171577
381.000000    0.204145    0.161984
381.333333    0.208592    0.142671
381.666667    0.206588    0.127387
382.000000    0.201809    0.124888
382.333333    0.178216    0.147254
