0.333333    0.193588    0.026243
0.666667    0.189148    0.027064
1.000000    0.188411    0.024944
1.333333    0.200757    0.031420
1.666667    0.208971    0.038506
2.000000    0.215750    0.041240
2.333333    0.213355    0.042727
2.666667    0.209585    0.043886
3.000000    0.209513    0.050084
3.333333    0.212323    0.050925
3.666667    0.215352    0.010450
4.000000    0.218508    0.032245
4.333333    0.218054    0.037219
4.666667    0.214000    0.057763
5.000000    0.214248    0.045831
5.333333    0.215379    0.045971
5.666667    0.218380    0.014817
6.000000    0.219528    0.010796
6.333333    0.215359    0.024988
6.666667    0.218994    0.034190
7.000000    0.224263    0.050347
7.333333    0.233074    0.071314
7.666667    0.243492    0.083078
8.000000    0.253953    0.127447
8.333333    0.264499    0.151216
8.666667    0.277017    0.192005
9.000000    0.291675    0.195935
9.333333    0.295740    0.207560
9.666667    0.306325    0.214379
10.000000    0.318432    0.229021
10.333333    0.327335    0.252993
10.666667    0.340340    0.306472
11.000000    0.339104    0.263825
11.333333    0.323944    0.258680
11.666667    0.335350    0.265742
12.000000    0.335625    0.207201
12.333333    0.321907    0.191432
12.666667    0.319480    0.194867
13.000000    0.327670    0.177925
13.333333    0.327212    0.166842
13.666667    0.323250    0.184166
14.000000    0.317376    0.148808
14.333333    0.308341    0.142755
14.666667    0.284150    0.092233
15.000000    0.277196    0.052921
15.333333    0.282628    0.086147
15.666667    0.292886    0.106907
16.000000    0.289068    0.131739
16.333333    0.284947    0.131934
16.666667    0.283736    0.124334
17.000000    0.291886    0.131317
17.333333    0.306257    0.152881
17.666667    0.319126    0.177869
18.000000    0.326626    0.216388
18.333333    0.328547    0.215164
18.666667    0.338618    0.227415
19.000000    0.345106    0.213120
19.333333    0.343799    0.237203
19.666667    0.348390    0.221298
20.000000    0.345098    0.268819
20.333333    0.332883    0.218089
20.666667    0.338793    0.191958
21.000000    0.357672    0.188263
21.333333    0.371636    0.213622
21.666667    0.395939    0.300745
22.000000    0.412088    0.296736
22.333333    0.423609    0.330472
22.666667    0.425044    0.348302
23.000000    0.411613    0.337920
23.333333    0.388578    0.356408
23.666667    0.375108    0.283337
24.000000    0.362901    0.294317
24.333333    0.343396    0.233003
24.666667    0.334278    0.228635
25.000000    0.333792    0.240754
25.333333    0.348494    0.241822
25.666667    0.349111    0.116882
26.000000    0.352905    0.192420
26.333333    0.340041    0.154185
26.666667    0.333146    0.194707
27.000000    0.328587    0.192225
27.333333    0.327084    0.184254
27.666667    0.331468    0.205085
28.000000    0.346895    0.225733
28.333333    0.365854    0.257273
28.666667    0.377164    0.216113
29.000000    0.384461    0.282078
29.333333    0.392097    0.289782
29.666667    0.393619    0.269935
30.000000    0.402156    0.314562
30.333333    0.406464    0.303547
30.666667    0.426008    0.345401
31.000000    0.434350    0.383788
31.333333    0.439905    0.396796
31.666667    0.448932    0.357871
32.000000    0.444201    0.360485
32.333333    0.432915    0.319887
32.666667    0.427096    0.280061
33.000000    0.430352    0.302427
33.333333    0.437964    0.285912
33.666667    0.433202    0.270939
34.000000    0.426092    0.251650
34.333333    0.432899    0.248988
34.666667    0.425510    0.250060
35.000000    0.418890    0.173254
35.333333    0.425231    0.170815
35.666667    0.432353    0.250709
36.000000    0.434366    0.260585
36.333333    0.416332    0.259290
36.666667    0.403396    0.233258
37.000000    0.406966    0.213586
37.333333    0.422681    0.201028
37.666667    0.418787    0.176467
38.000000    0.415427    0.160936
38.333333    0.419500    0.135489
38.666667    0.414885    0.136880
39.000000    0.421581    0.142922
39.333333    0.414558    0.134947
39.666667    0.427100    0.143608
40.000000    0.438076    0.159884
40.333333    0.453384    0.182636
40.666667    0.476407    0.147298
41.000000    0.493372    0.190917
41.333333    0.502567    0.228890
41.666667    0.504747    0.265228
42.000000    0.490256    0.238347
42.333333    0.477248    0.170345
42.666667    0.468978    0.201303
43.000000    0.446461    0.247099
43.333333    0.412012    0.223055
43.666667    0.384828    0.111019
44.000000    0.374506    0.087223
44.333333    0.379444    0.057102
44.666667    0.364124    0.047063
45.000000    0.353156    0.031958
45.333333    0.353902    0.028786
45.666667    0.356883    0.024243
46.000000    0.361035    0.025367
46.333333    0.367878    0.035318
46.666667    0.370126    0.033943
47.000000    0.368803    0.058214
47.333333    0.374502    0.069277
47.666667    0.380324    0.076877
48.000000    0.386063    0.076614
48.333333    0.389586    0.076889
48.666667    0.393548    0.092918
49.000000    0.399845    0.115256
49.333333    0.408628    0.121190
49.666667    0.399566    0.102192
50.000000    0.397103    0.090642
50.333333    0.399605    0.086601
50.666667    0.408469    0.090144
51.000000    0.405340    0.084453
51.333333    0.389459    0.089303
51.666667    0.385944    0.069624
52.000000    0.389654    0.058971
52.333333    0.389590    0.060019
52.666667    0.393631    0.055364
53.000000    0.376718    0.055328
53.333333    0.365100    0.041304
53.666667    0.363801    0.025578
54.000000    0.365435    0.026196
54.333333    0.381165    0.013211
54.666667    0.393560    0.018432
55.000000    0.407194    0.024725
55.333333    0.415527    0.017057
55.666667    0.420178    0.013805
56.000000    0.421724    0.026989
56.333333    0.419345    0.049916
56.666667    0.420951    0.036538
57.000000    0.423007    0.042468
57.333333    0.425626    0.048960
57.666667    0.432154    0.051546
58.000000    0.435912    0.049904
58.333333    0.438809    0.046852
58.666667    0.445891    0.059876
59.000000    0.454499    0.063028
59.333333    0.441806    0.056026
59.666667    0.427658    0.035709
60.000000    0.425498    0.015603
60.333333    0.416436    0.010426
60.666667    0.415100    0.024163
61.000000    0.417141    0.012044
61.333333    0.417324    0.007708
61.666667    0.419066    0.011709
62.000000    0.418097    0.010780
62.333333    0.420835    0.013646
62.666667    0.420903    0.021812
63.000000    0.420688    0.025725
63.333333    0.421541    0.025889
63.666667    0.418524    0.034672
64.000000    0.420242    0.008158
64.333333    0.421070    0.009218
64.666667    0.420269    0.014630
65.000000    0.419775    0.017368
65.333333    0.417571    0.026730
65.666667    0.418066    0.032166
66.000000    0.418241    0.021493
66.333333    0.420018    0.029966
66.666667    0.421907    0.017671
67.000000    0.417396    0.030169
67.333333    0.434254    0.065240
67.666667    0.438618    0.061809
68.000000    0.442731    0.064562
68.333333    0.440894    0.068556
68.666667    0.424091    0.051646
69.000000    0.419293    0.042472
69.333333    0.426977    0.019090
69.666667    0.427981    0.060597
70.000000    0.430308    0.076901
70.333333    0.435880    0.090248
70.666667    0.430918    0.083620
71.000000    0.432684    0.075482
71.333333    0.432580    0.083995
71.666667    0.437251    0.090260
72.000000    0.443771    0.089590
72.333333    0.442551    0.105500
72.666667    0.442249    0.097720
73.000000    0.444417    0.102232
73.333333    0.448187    0.093759
73.666667    0.442671    0.111478
74.000000    0.437785    0.110569
74.333333    0.435808    0.113275
74.666667    0.426379    0.101176
75.000000    0.427889    0.100383
75.333333    0.436793    0.097848
75.666667    0.427869    0.104826
76.000000    0.424769    0.112522
76.333333    0.432349    0.116089
76.666667    0.428698    0.103754
77.000000    0.432931    0.118109
77.333333    0.434031    0.125570
77.666667    0.438295    0.118647
78.000000    0.446055    0.123804
78.333333    0.454017    0.108564
78.666667    0.450522    0.086884
79.000000    0.454436    0.078463
79.333333    0.452415    0.076483
79.666667    0.442958    0.105484
80.000000    0.443592    0.078575
80.333333    0.449872    0.084629
80.666667    0.450534    0.063323
81.000000    0.443452    0.067739
81.333333    0.444425    0.092328
81.666667    0.447306    0.098900
82.000000    0.441037    0.098629
82.333333    0.442731    0.094887
82.666667    0.444261    0.080010
83.000000    0.444110    0.071333
83.333333    0.434896    0.060023
83.666667    0.430532    0.053192
84.000000    0.421381    0.057500
84.333333    0.422971    0.026467
84.666667    0.419484    0.027969
85.000000    0.418221    0.045218
85.333333    0.416296    0.043225
85.666667    0.427132    0.046226
86.000000    0.429778    0.041515
86.333333    0.430731    0.057512
86.666667    0.436255    0.064483
87.000000    0.437502    0.052088
87.333333    0.430882    0.035469
87.666667    0.424849    0.033034
88.000000    0.422374    0.044002
88.333333    0.424283    0.033166
88.666667    0.426108    0.036255
89.000000    0.422804    0.043269
89.333333    0.415399    0.028352
89.666667    0.420752    0.037195
90.000000    0.427575    0.061143
90.333333    0.421318    0.062243
90.666667    0.421254    0.053595
91.000000    0.415925    0.039008
91.333333    0.412454    0.045166
91.666667    0.413299    0.054001
92.000000    0.414913    0.057301
92.333333    0.411821    0.047912
92.666667    0.413490    0.042288
93.000000    0.413793    0.050905
93.333333    0.415854    0.036334
93.666667    0.415862    0.041117
94.000000    0.417396    0.057194
94.333333    0.418739    0.037359
94.666667    0.418839    0.038387
95.000000    0.420516    0.031169
95.333333    0.422306    0.036255
95.666667    0.423521    0.100275
96.000000    0.426048    0.122605
96.333333    0.429870    0.167874
96.666667    0.434975    0.217137
97.000000    0.440487    0.250526
97.333333    0.443329    0.257465
97.666667    0.448637    0.277897
98.000000    0.452881    0.131353
98.333333    0.457636    0.285521
98.666667    0.459772    0.194022
99.000000    0.468161    0.363694
99.333333    0.464072    0.316675
99.666667    0.462068    0.096780
100.000000    0.461107    0.193018
100.333333    0.460988    0.163419
100.666667    0.459425    0.359274
101.000000    0.461689    0.335067
101.333333    0.454440    0.316707
101.666667    0.442639    0.259561
102.000000    0.447290    0.258401
102.333333    0.451415    0.229388
102.666667    0.452144    0.294281
103.000000    0.442842    0.351008
103.333333    0.427335    0.340670
103.666667    0.422920    0.116870
104.000000    0.419409    0.251088
104.333333    0.415061    0.120827
104.666667    0.418149    0.079982
105.000000    0.416882    0.215638
105.333333    0.420744    0.050064
105.666667    0.428910    0.295194
106.000000    0.443492    0.290037
106.333333    0.445700    0.244357
106.666667    0.442201    0.313594
107.000000    0.436832    0.278260
107.333333    0.415862    0.296166
107.666667    0.404296    0.318835
108.000000    0.394277    0.369042
108.333333    0.396752    0.276686
108.666667    0.391161    0.175147
109.000000    0.392611    0.293181
109.333333    0.402391    0.314260
109.666667    0.407158    0.254304
110.000000    0.395445    0.269771
110.333333    0.377539    0.115471
110.666667    0.369863    0.281743
111.000000    0.376351    0.197744
111.333333    0.386035    0.217017
111.666667    0.391244    0.209660
112.000000    0.389355    0.201933
112.333333    0.390806    0.248912
112.666667    0.398796    0.174175
113.000000    0.408644    0.218121
113.333333    0.415678    0.266009
113.666667    0.414156    0.262323
114.000000    0.409692    0.162319
114.333333    0.410912    0.195851
114.666667    0.408927    0.279595
115.000000    0.410314    0.290268
115.333333    0.415690    0.336422
115.666667    0.420748    0.359545
116.000000    0.396473    0.387705
116.333333    0.372999    0.315806
116.666667    0.362653    0.377276
117.000000    0.357337    0.359916
117.333333    0.363554    0.364299
117.666667    0.365264    0.333022
118.000000    0.353563    0.322246
118.333333    0.352495    0.304448
118.666667    0.346441    0.318990
119.000000    0.325391    0.337976
119.333333    0.318321    0.343795
119.666667    0.321027    0.260394
120.000000    0.312873    0.336478
120.333333    0.306098    0.358473
120.666667    0.297414    0.339024
121.000000    0.305727    0.345728
121.333333    0.303858    0.314969
121.666667    0.294524    0.291061
122.000000    0.282225    0.274183
122.333333    0.273888    0.236470
122.666667    0.271812    0.234585
123.000000    0.274099    0.259629
123.333333    0.266447    0.217531
123.666667    0.256552    0.112602
124.000000    0.249801    0.185111
124.333333    0.239546    0.163777
124.666667    0.245142    0.171286
125.000000    0.249609    0.111207
125.333333    0.249040    0.188104
125.666667    0.230835    0.193400
126.000000    0.241607    0.190626
126.333333    0.242591    0.197824
126.666667    0.253906    0.057289
127.000000    0.276650    0.087418
127.333333    0.294759    0.172565
127.666667    0.326060    0.254240
128.000000    0.362207    0.275685
128.333333    0.348645    0.338351
128.666667    0.318077    0.281480
129.000000    0.292376    0.224757
129.333333    0.277017    0.190523
129.666667    0.267986    0.234688
130.000000    0.252264    0.223270
130.333333    0.241304    0.187203
130.666667    0.235374    0.160091
131.000000    0.230137    0.121437
131.333333    0.227048    0.114845
131.666667    0.223250    0.123601
132.000000    0.217197    0.113718
132.333333    0.209740    0.097382
132.666667    0.205201    0.093835
133.000000    0.201785    0.090894
133.333333    0.200020    0.095999
133.666667    0.198808    0.082225
134.000000    0.207755    0.089443
134.333333    0.234816    0.072509
134.666667    0.232787    0.113753
135.000000    0.249187    0.166396
135.333333    0.282811    0.197170
135.666667    0.302128    0.247202
136.000000    0.316603    0.266806
136.333333    0.299255    0.292045
136.666667    0.283620    0.205444
137.000000    0.266993    0.218540
137.333333    0.250020    0.206616
137.666667    0.241750    0.236705
138.000000    0.240065    0.219185
138.333333    0.232732    0.203140
138.666667    0.231006    0.181480
139.000000    0.218779    0.152527
139.333333    0.204468    0.127399
139.666667    0.192360    0.079898
140.000000    0.188973    0.039519
140.333333    0.191105    0.043755
140.666667    0.191858    0.028487
141.000000    0.213303    0.046768
141.333333    0.237275    0.039650
141.666667    0.261111    0.031592
142.000000    0.292775    0.068516
142.333333    0.312135    0.153953
142.666667    0.332289    0.216679
143.000000    0.341408    0.197262
143.333333    0.344624    0.217197
143.666667    0.304452    0.210629
144.000000    0.275689    0.130779
144.333333    0.275526    0.192069
144.666667    0.278276    0.204033
145.000000    0.277208    0.225825
145.333333    0.255739    0.201710
145.666667    0.245214    0.191292
146.000000    0.234553    0.171672
146.333333    0.221915    0.155149
146.666667    0.211948    0.132736
147.000000    0.201192    0.101495
147.333333    0.191607    0.092253
147.666667    0.186083    0.093321
148.000000    0.186553    0.082947
148.333333    0.185505    0.090670
148.666667    0.185210    0.087809
149.000000    0.184796    0.115240
149.333333    0.187355    0.098223
149.666667    0.188239    0.087155
150.000000    0.186952    0.096102
150.333333    0.188897    0.089399
150.666667    0.189351    0.090770
151.000000    0.189554    0.095616
151.333333    0.187052    0.081727
151.666667    0.184704    0.054412
152.000000    0.187131    0.061063
152.333333    0.205583    0.080364
152.666667    0.221887    0.106480
153.000000    0.218871    0.130695
153.333333    0.213080    0.116850
153.666667    0.207831    0.093934
154.000000    0.203722    0.099223
154.333333    0.208297    0.099924
154.666667    0.204910    0.097920
155.000000    0.207632    0.108580
155.333333    0.200901    0.106444
155.666667    0.191057    0.095855
156.000000    0.189044    0.072828
156.333333    0.185406    0.080388
156.666667    0.183198    0.069301
157.000000    0.178730    0.057827
157.333333    0.177850    0.046238
157.666667    0.180914    0.046250
158.000000    0.177850    0.011506
158.333333    0.176427    0.023769
158.666667    0.174976    0.029173
159.000000    0.172557    0.016288
159.333333    0.172282    0.000000
159.666667    0.196796    0.033353
160.000000    0.220736    0.099745
160.333333    0.201857    0.095234
160.666667    0.186514    0.093755
161.000000    0.191479    0.089224
161.333333    0.193906    0.082174
161.666667    0.191344    0.077224
162.000000    0.187255    0.067567
162.333333    0.180049    0.059959
162.666667    0.175060    0.044755
163.000000    0.194544    0.056253
163.333333    0.195951    0.093400
163.666667    0.182548    0.110210
164.000000    0.186362    0.110063
164.333333    0.187665    0.087853
164.666667    0.186530    0.089981
165.000000    0.182110    0.074641
165.333333    0.177339    0.042304
165.666667    0.174287    0.032883
166.000000    0.182130    0.039981
166.333333    0.178499    0.047087
166.666667    0.177355    0.038359
167.000000    0.177343    0.034071
167.333333    0.176212    0.006775
167.666667    0.175430    0.006612
168.000000    0.178750    0.017619
168.333333    0.203794    0.049366
168.666667    0.224346    0.078686
169.000000    0.204324    0.092551
169.333333    0.189949    0.085796
169.666667    0.187179    0.094078
170.000000    0.193117    0.094863
170.333333    0.196919    0.088550
170.666667    0.192695    0.081739
171.000000    0.188622    0.065794
171.333333    0.184457    0.045206
171.666667    0.178061    0.040623
172.000000    0.171748    0.031859
172.333333    0.170174    0.019775
172.666667    0.169847    0.012076
173.000000    0.169353    0.003296
173.333333    0.169365    0.003025
173.666667    0.170532    0.007050
174.000000    0.171692    0.008210
174.333333    0.173191    0.011239
174.666667    0.172788    0.018257
175.000000    0.172820    0.002973
175.333333    0.172469    0.020305
175.666667    0.171353    0.020429
176.000000    0.189542    0.026108
176.333333    0.204001    0.024514
176.666667    0.201016    0.076427
177.000000    0.223382    0.076937
177.333333    0.247075    0.154360
177.666667    0.248242    0.191850
178.000000    0.236438    0.215053
178.333333    0.219867    0.181333
178.666667    0.214379    0.172206
179.000000    0.209397    0.148107
179.333333    0.217249    0.153878
179.666667    0.225618    0.149868
180.000000    0.231385    0.132875
180.333333    0.230807    0.125510
180.666667    0.223948    0.115435
181.000000    0.218600    0.102395
181.333333    0.210011    0.084541
181.666667    0.203105    0.092795
182.000000    0.198641    0.070524
182.333333    0.195879    0.064351
182.666667    0.198219    0.040953
183.000000    0.201837    0.041463
183.333333    0.208022    0.063989
183.666667    0.212737    0.063395
184.000000    0.215830    0.092249
184.333333    0.224227    0.119851
184.666667    0.228607    0.137111
185.000000    0.227005    0.141288
185.333333    0.223099    0.143568
185.666667    0.215383    0.124271
186.000000    0.209501    0.107385
186.333333    0.208445    0.094967
186.666667    0.208545    0.081883
187.000000    0.209294    0.061055
187.333333    0.208784    0.026231
187.666667    0.209497    0.027260
188.000000    0.209142    0.030874
188.333333    0.208270    0.032006
188.666667    0.206189    0.029209
189.000000    0.204587    0.042763
189.333333    0.205257    0.024773
189.666667    0.205775    0.016934
190.000000    0.206787    0.009501
190.333333    0.207484    0.005297
190.666667    0.208174    0.008317
191.000000    0.212115    0.026247
191.333333    0.214120    0.028674
191.666667    0.218193    0.026004
192.000000    0.219393    0.038474
192.333333    0.220114    0.034258
192.666667    0.216894    0.044831
193.000000    0.215228    0.032389
193.333333    0.221501    0.038387
193.666667    0.224892    0.041368
194.000000    0.224601    0.078941
194.333333    0.217966    0.055583
194.666667    0.217735    0.041882
195.000000    0.219771    0.042850
195.333333    0.223689    0.059182
195.666667    0.224590    0.067344
196.000000    0.228635    0.059302
196.333333    0.232090    0.019460
196.666667    0.243042    0.069110
197.000000    0.247553    0.077853
197.333333    0.259218    0.070564
197.666667    0.275004    0.089208
198.000000    0.288235    0.099605
198.333333    0.305603    0.087554
198.666667    0.317125    0.111669
199.000000    0.331532    0.130269
199.333333    0.342432    0.171194
199.666667    0.352056    0.203260
200.000000    0.371732    0.184441
200.333333    0.379651    0.112080
200.666667    0.389642    0.145285
201.000000    0.412422    0.098940
201.333333    0.426694    0.099059
201.666667    0.423689    0.113642
202.000000    0.426793    0.155599
202.333333    0.449446    0.157361
202.666667    0.449438    0.159692
203.000000    0.450151    0.212526
203.333333    0.466121    0.197800
203.666667    0.481986    0.223266
204.000000    0.501016    0.173378
204.333333    0.493452    0.196465
204.666667    0.494337    0.224522
205.000000    0.491053    0.196493
205.333333    0.482712    0.162657
205.666667    0.466806    0.129635
206.000000    0.456165    0.084621
206.333333    0.441830    0.141216
206.666667    0.430540    0.138036
207.000000    0.436892    0.139128
207.333333    0.443157    0.144580
207.666667    0.456349    0.158134
208.000000    0.464315    0.201666
208.333333    0.458676    0.179400
208.666667    0.464985    0.203850
209.000000    0.482441    0.175933
209.333333    0.499203    0.171262
209.666667    0.502431    0.184190
210.000000    0.507580    0.192181
210.333333    0.513458    0.201805
210.666667    0.520612    0.206329
211.000000    0.515220    0.210525
211.333333    0.517021    0.197135
211.666667    0.527391    0.205890
212.000000    0.523701    0.223250
212.333333    0.510800    0.235338
212.666667    0.513542    0.216045
213.000000    0.541962    0.238435
213.333333    0.564056    0.276514
213.666667    0.578376    0.268623
214.000000    0.586275    0.309509
214.333333    0.598976    0.312119
214.666667    0.609712    0.301092
215.000000    0.603208    0.304029
215.333333    0.595995    0.326821
215.666667    0.571549    0.364423
216.000000    0.552084    0.354727
216.333333    0.540088    0.382082
216.666667    0.535302    0.375044
217.000000    0.531950    0.353220
217.333333    0.521015    0.354065
217.666667    0.518651    0.326008
218.000000    0.503547    0.303188
218.333333    0.492057    0.291985
218.666667    0.493592    0.282947
219.000000    0.490276    0.231476
219.333333    0.493261    0.250594
219.666667    0.495242    0.240523
220.000000    0.492041    0.220381
220.333333    0.485438    0.201921
220.666667    0.480591    0.226622
221.000000    0.475769    0.207879
221.333333    0.481086    0.216487
221.666667    0.481385    0.225952
222.000000    0.469393    0.217448
222.333333    0.447900    0.190084
222.666667    0.432321    0.159003
223.000000    0.423494    0.108588
223.333333    0.426853    0.088933
223.666667    0.434732    0.101068
224.000000    0.443663    0.102140
224.333333    0.450219    0.115822
224.666667    0.456564    0.140359
225.000000    0.463925    0.135294
225.333333    0.470493    0.148916
225.666667    0.462466    0.158668
226.000000    0.466149    0.172545
226.333333    0.473159    0.164598
226.666667    0.485641    0.182664
227.000000    0.495054    0.211904
227.333333    0.494528    0.238877
227.666667    0.492013    0.230807
228.000000    0.492810    0.242990
228.333333    0.505615    0.246744
228.666667    0.526096    0.245210
229.000000    0.533545    0.211705
229.333333    0.518412    0.206333
229.666667    0.499538    0.173792
230.000000    0.474016    0.118273
230.333333    0.448549    0.068596
230.666667    0.423665    0.059780
231.000000    0.414128    0.026335
231.333333    0.412295    0.014020
231.666667    0.408282    0.015929
232.000000    0.407130    0.008369
232.333333    0.407054    0.019492
232.666667    0.411322    0.013566
233.000000    0.411035    0.020389
233.333333    0.412295    0.014395
233.666667    0.413761    0.014016
234.000000    0.413849    0.020385
234.333333    0.418851    0.019006
234.666667    0.418552    0.029491
235.000000    0.416204    0.034429
235.333333    0.417105    0.022995
235.666667    0.413331    0.032903
236.000000    0.414905    0.020122
236.333333    0.414208    0.018627
236.666667    0.407281    0.015192
237.000000    0.407767    0.002240
237.333333    0.402543    0.006181
237.666667    0.402515    0.009593
238.000000    0.402929    0.039674
238.333333    0.404412    0.018209
238.666667    0.408847    0.033015
239.000000    0.412988    0.031149
239.333333    0.416033    0.038020
239.666667    0.418337    0.071170
240.000000    0.419265    0.048517
240.333333    0.412968    0.056911
240.666667    0.415348    0.047250
241.000000    0.422788    0.052260
241.333333    0.423306    0.056361
241.666667    0.403678    0.032221
242.000000    0.401331    0.012139
242.333333    0.402280    0.000000
242.666667    0.402981    0.006703
243.000000    0.402555    0.018894
243.333333    0.403786    0.016065
243.666667    0.404854    0.018982
244.000000    0.408114    0.016722
244.333333    0.411239    0.018767
244.666667    0.412119    0.028563
245.000000    0.414658    0.046868
245.333333    0.416081    0.060541
245.666667    0.418731    0.065348
246.000000    0.425383    0.076339
246.333333    0.423928    0.065443
246.666667    0.427152    0.078874
247.000000    0.432457    0.088650
247.333333    0.436593    0.060386
247.666667    0.442854    0.075267
248.000000    0.427798    0.063785
248.333333    0.420520    0.043875
248.666667    0.425753    0.039232
249.000000    0.438235    0.043727
249.333333    0.446756    0.052200
249.666667    0.426638    0.058190
250.000000    0.411027    0.041447
250.333333    0.410493    0.018671
250.666667    0.408493    0.022087
251.000000    0.415296    0.045026
251.333333    0.408923    0.057038
251.666667    0.412685    0.086167
252.000000    0.420333    0.097410
252.333333    0.431528    0.095369
252.666667    0.438435    0.065419
253.000000    0.435031    0.087486
253.333333    0.415666    0.057823
253.666667    0.419998    0.056249
254.000000    0.443169    0.002451
254.333333    0.456365    0.040005
254.666667    0.474665    0.039941
255.000000    0.474582    0.020520
255.333333    0.483086    0.020772
255.666667    0.481014    0.042619
256.000000    0.491667    0.033776
256.333333    0.500096    0.051212
256.666667    0.497912    0.063375
257.000000    0.476578    0.044807
257.333333    0.476837    0.042253
257.666667    0.478204    0.035031
258.000000    0.482441    0.023737
258.333333    0.483046    0.069508
258.666667    0.479886    0.095879
259.000000    0.483270    0.099462
259.333333    0.489467    0.067308
259.666667    0.485406    0.065615
260.000000    0.482393    0.093245
260.333333    0.472872    0.119353
260.666667    0.477945    0.091806
261.000000    0.482445    0.110015
261.333333    0.479711    0.079603
261.666667    0.485194    0.071955
262.000000    0.495038    0.067516
262.333333    0.499960    0.111243
262.666667    0.506859    0.101869
263.000000    0.515682    0.117077
263.333333    0.524968    0.119923
263.666667    0.519935    0.123876
264.000000    0.518201    0.123557
264.333333    0.512414    0.138020
264.666667    0.505926    0.106787
265.000000    0.509298    0.106938
265.333333    0.502778    0.112586
265.666667    0.498203    0.099191
266.000000    0.503284    0.086637
266.333333    0.502953    0.082150
266.666667    0.500741    0.074478
267.000000    0.509860    0.088737
267.333333    0.511103    0.095114
267.666667    0.512080    0.086267
268.000000    0.506185    0.099255
268.333333    0.498215    0.113403
268.666667    0.500829    0.068966
269.000000    0.492703    0.078017
269.333333    0.494106    0.111362
269.666667    0.495863    0.103515
270.000000    0.508712    0.106827
270.333333    0.514503    0.099733
270.666667    0.515256    0.097880
271.000000    0.515399    0.086426
271.333333    0.495995    0.096385
271.666667    0.497011    0.080878
272.000000    0.499872    0.069130
272.333333    0.493914    0.066790
272.666667    0.500809    0.087115
273.000000    0.498087    0.082369
273.333333    0.505631    0.082198
273.666667    0.513295    0.079882
274.000000    0.512060    0.042360
274.333333    0.508517    0.047983
274.666667    0.507708    0.046473
275.000000    0.503734    0.041200
275.333333    0.499661    0.038478
275.666667    0.498334    0.052423
276.000000    0.499315    0.049781
276.333333    0.501427    0.092328
276.666667    0.509083    0.099279
277.000000    0.503989    0.113215
277.333333    0.500893    0.121824
277.666667    0.499474    0.143536
278.000000    0.500426    0.102212
278.333333    0.506074    0.116810
278.666667    0.512084    0.094827
279.000000    0.515100    0.092412
279.333333    0.518627    0.097848
279.666667    0.522963    0.184326
280.000000    0.523653    0.213634
280.333333    0.515599    0.284362
280.666667    0.507221    0.337857
281.000000    0.505655    0.246457
281.333333    0.503396    0.320688
281.666667    0.510374    0.327076
282.000000    0.516184    0.315184
282.333333    0.519680    0.313554
282.666667    0.517623    0.326650
283.000000    0.486450    0.326319
283.333333    0.466631    0.236988
283.666667    0.442081    0.323242
284.000000    0.440228    0.314710
284.333333    0.433812    0.277029
284.666667    0.435713    0.274570
285.000000    0.438881    0.211298
285.333333    0.432508    0.195401
285.666667    0.438419    0.243341
286.000000    0.445218    0.265192
286.333333    0.424590    0.242858
286.666667    0.425650    0.260151
287.000000    0.424793    0.286741
287.333333    0.426913    0.094114
287.666667    0.433529    0.203240
288.000000    0.412701    0.273183
288.333333    0.405037    0.313415
288.666667    0.394799    0.353372
289.000000    0.402068    0.343867
289.333333    0.411777    0.237315
289.666667    0.402567    0.327272
290.000000    0.395680    0.286131
290.333333    0.400470    0.326112
290.666667    0.399179    0.191021
291.000000    0.395186    0.282309
291.333333    0.384031    0.215650
291.666667    0.390599    0.234991
292.000000    0.393022    0.260645
292.333333    0.410764    0.273804
292.666667    0.423390    0.294329
293.000000    0.399215    0.326813
293.333333    0.387398    0.334808
293.666667    0.376953    0.364056
294.000000    0.362139    0.311235
294.333333    0.363060    0.231966
294.666667    0.368775    0.139084
295.000000    0.356636    0.278659
295.333333    0.353128    0.282867
295.666667    0.349980    0.271373
296.000000    0.345592    0.297166
296.333333    0.331572    0.286848
296.666667    0.330659    0.273011
297.000000    0.313195    0.099024
297.333333    0.302738    0.266408
297.666667    0.296461    0.230631
298.000000    0.299574    0.185023
298.333333    0.307034    0.159358
298.666667    0.311773    0.240806
299.000000    0.337267    0.270329
299.333333    0.359900    0.204380
299.666667    0.367233    0.071756
300.000000    0.371927    0.202618
300.333333    0.377511    0.245700
300.666667    0.388522    0.241906
301.000000    0.396927    0.280922
301.333333    0.394130    0.203061
301.666667    0.408529    0.247035
302.000000    0.442053    0.217647
302.333333    0.449896    0.298131
302.666667    0.449578    0.249566
303.000000    0.445943    0.240272
303.333333    0.427642    0.292280
303.666667    0.406249    0.221521
304.000000    0.385438    0.247653
304.333333    0.374801    0.259660
304.666667    0.372465    0.277124
305.000000    0.366113    0.275586
305.333333    0.337809    0.298175
305.666667    0.319006    0.130771
306.000000    0.313905    0.069038
306.333333    0.325466    0.262482
306.666667    0.329228    0.260752
307.000000    0.341455    0.246505
307.333333    0.356659    0.280061
307.666667    0.371222    0.283927
308.000000    0.368197    0.263104
308.333333    0.340168    0.272641
308.666667    0.312602    0.242679
309.000000    0.295664    0.229822
309.333333    0.305476    0.226235
309.666667    0.331133    0.234023
310.000000    0.334083    0.239271
310.333333    0.317858    0.210334
310.666667    0.303212    0.199291
311.000000    0.304555    0.214670
311.333333    0.325753    0.265762
311.666667    0.327726    0.199514
312.000000    0.299044    0.197868
312.333333    0.287885    0.135310
312.666667    0.287434    0.151100
313.000000    0.270887    0.105735
313.333333    0.269508    0.114435
313.666667    0.278682    0.221298
314.000000    0.286773    0.201243
314.333333    0.292918    0.137908
314.666667    0.306783    0.101670
315.000000    0.316579    0.209258
315.333333    0.343588    0.297282
315.666667    0.362908    0.351630
316.000000    0.356365    0.349518
316.333333    0.346501    0.361362
316.666667    0.314861    0.330966
317.000000    0.297904    0.328591
317.333333    0.276881    0.321130
317.666667    0.261318    0.278906
318.000000    0.258736    0.255300
318.333333    0.254655    0.243998
318.666667    0.246202    0.203248
319.000000    0.233800    0.195516
319.333333    0.225817    0.147461
319.666667    0.217288    0.143193
320.000000    0.213012    0.123669
320.333333    0.196553    0.093201
320.666667    0.180010    0.058780
321.000000    0.176403    0.024590
321.333333    0.172425    0.035210
321.666667    0.172162    0.018201
322.000000    0.173027    0.032138
322.333333    0.174749    0.030819
322.666667    0.174872    0.013757
323.000000    0.175494    0.028922
323.333333    0.176455    0.037960
323.666667    0.176371    0.033405
324.000000    0.176375    0.047218
324.333333    0.175865    0.046891
324.666667    0.177224    0.038191
325.000000    0.177196    0.044556
325.333333    0.177308    0.040941
325.666667    0.176510    0.041487
326.000000    0.177547    0.044102
326.333333    0.177834    0.040722
326.666667    0.178754    0.046210
327.000000    0.178989    0.057975
327.333333    0.176471    0.068460
327.666667    0.178742    0.054169
328.000000    0.178890    0.033812
328.333333    0.186282    0.084087
328.666667    0.200319    0.105587
329.000000    0.201084    0.047716
329.333333    0.210593    0.129173
329.666667    0.229224    0.117125
330.000000    0.215204    0.128240
330.333333    0.205468    0.116659
330.666667    0.197971    0.131424
331.000000    0.198422    0.097920
331.333333    0.194349    0.108728
331.666667    0.189267    0.069536
332.000000    0.200379    0.076754
332.333333    0.213116    0.086374
332.666667    0.215658    0.125303
333.000000    0.209437    0.153651
333.333333    0.198613    0.108696
333.666667    0.197677    0.083309
334.000000    0.195485    0.079842
334.333333    0.194540    0.110067
334.666667    0.192575    0.092547
335.000000    0.186278    0.071405
335.333333    0.184995    0.048836
335.666667    0.185709    0.058612
336.000000    0.179531    0.055508
336.333333    0.174669    0.034513
336.666667    0.175088    0.019859
337.000000    0.174745    0.017121
337.333333    0.188247    0.035047
337.666667    0.210868    0.060669
338.000000    0.228312    0.074291
338.333333    0.248266    0.085386
338.666667    0.269668    0.113861
339.000000    0.262789    0.139383
339.333333    0.263319    0.120768
339.666667    0.240714    0.150434
340.000000    0.225494    0.126379
340.333333    0.205249    0.116802
340.666667    0.194369    0.141224
341.000000    0.194421    0.112366
341.333333    0.186127    0.068329
341.666667    0.181835    0.046672
342.000000    0.179687    0.034290
342.333333    0.175761    0.019707
342.666667    0.171138    0.010310
343.000000    0.166420    0.005615
343.333333    0.166894    0.003603
343.666667    0.167049    0.001694
344.000000    0.166264    0.001044
344.333333    0.166599    0.000032
344.666667    0.166695    0.000000
345.000000    0.166886    0.000000
345.333333    0.167268    0.000016
345.666667    0.166535    0.001993
346.000000    0.166846    0.000418
346.333333    0.166109    0.002072
346.666667    0.166009    0.013865
347.000000    0.166547    0.016436
347.333333    0.166850    0.011414
347.666667    0.166914    0.009019
348.000000    0.166121    0.004252
348.333333    0.166316    0.005320
348.666667    0.166284    0.004157
349.000000    0.166591    0.000562
349.333333    0.166571    0.000462
349.666667    0.166260    0.000434
350.000000    0.166762    0.000000
350.333333    0.167113    0.000000
350.666667    0.167237    0.000000
351.000000    0.167237    0.000000
351.333333    0.171174    0.004511
351.666667    0.185784    0.023852
352.000000    0.197928    0.056907
352.333333    0.203659    0.073529
352.666667    0.199390    0.046234
353.000000    0.191906    0.053396
353.333333    0.192735    0.047517
353.666667    0.202682    0.055269
354.000000    0.216543    0.026833
354.333333    0.227949    0.033716
354.666667    0.236151    0.052264
355.000000    0.234633    0.059927
355.333333    0.226793    0.042902
355.666667    0.218867    0.025490
356.000000    0.215658    0.024422
356.333333    0.219998    0.054782
356.666667    0.225490    0.070827
357.000000    0.238339    0.066695
357.333333    0.252013    0.078352
357.666667    0.251319    0.107640
358.000000    0.254731    0.106058
358.333333    0.268823    0.135501
358.666667    0.296369    0.182708
359.000000    0.326411    0.198043
359.333333    0.343843    0.235294
359.666667    0.349789    0.129260
360.000000    0.366882    0.111199
360.333333    0.388100    0.099386
360.666667    0.416384    0.210469
361.000000    0.415108    0.252048
361.333333    0.389618    0.224115
361.666667    0.356990    0.176443
362.000000    0.319181    0.149322
362.333333    0.303866    0.151893
362.666667    0.322824    0.163725
363.000000    0.329396    0.164307
363.333333    0.345660    0.231990
363.666667    0.355241    0.226000
364.000000    0.348908    0.198362
364.333333    0.345226    0.162721
364.666667    0.347979    0.163530
365.000000    0.351072    0.114088
365.333333    0.362665    0.191766
365.666667    0.374693    0.198111
366.000000    0.374948    0.217651
366.333333    0.375434    0.165192
366.666667    0.372892    0.187099
367.000000    0.392324    0.133604
367.333333    0.419568    0.156078
367.666667    0.442918    0.175753
368.000000    0.436398    0.200646
368.333333    0.417599    0.151451
368.666667    0.415415    0.138949
369.000000    0.430619    0.106612
369.333333    0.432473    0.110306
369.666667    0.434202    0.123346
370.000000    0.433242    0.156528
370.333333    0.422573    0.140144
370.666667    0.412303    0.091503
371.000000    0.411314    0.076415
371.333333    0.403766    0.121601
371.666667    0.417308    0.120867
372.000000    0.426220    0.066009
372.333333    0.426295    0.115188
372.666667    0.435597    0.113853
373.000000    0.448294    0.112095
373.333333    0.447649    0.116950
373.666667    0.455603    0.148223
374.000000    0.468795    0.167587
374.333333    0.484656    0.189538
374.666667    0.488737    0.223063
375.000000    0.478049    0.233879
375.333333    0.487614    0.229300
375.666667    0.534039    0.237243
376.000000    0.569154    0.288088
376.333333    0.631133    0.310485
376.666667    0.636075    0.306811
377.000000    0.630261    0.325598
377.333333    0.625375    0.294488
377.666667    0.598382    0.228029
378.000000    0.576558    0.239216
378.333333    0.563522    0.267531
378.666667    0.562785    0.239594
379.000000    0.573115    0.229838
379.333333    0.596856    0.243193
379.666667    0.614172    0.248521
380.000000    0.647457    0.311059
380.333333    0.664718    0.330041
380.666667    0.670453    0.319899
381.000000    0.668540    0.265997
381.333333    0.660378    0.272055
381.666667    0.638861    0.256508
382.000000    0.628930    0.265260
382.333333    0.624908    0.269249

894
0.22834430950305112
