0.333333    0.040363    0.000000
0.666667    0.040407    0.000000
1.000000    0.040276    0.000000
1.333333    0.040375    0.000000
1.666667    0.040264    0.000000
2.000000    0.046361    0.007321
2.333333    0.048474    0.014813
2.666667    0.040874    0.008174
3.000000    0.039754    0.001024
3.333333    0.039945    0.000000
3.666667    0.039877    0.000000
4.000000    0.039917    0.000000
4.333333    0.039973    0.000000
4.666667    0.039766    0.000020
5.000000    0.039941    0.000000
5.333333    0.039909    0.000000
5.666667    0.039909    0.000000
6.000000    0.049354    0.002682
6.333333    0.045301    0.009900
6.666667    0.045891    0.016260
7.000000    0.040499    0.008234
7.333333    0.039810    0.000000
7.666667    0.039889    0.000000
8.000000    0.039658    0.000000
8.333333    0.040256    0.001542
8.666667    0.044444    0.009079
9.000000    0.048784    0.032716
9.333333    0.050586    0.049693
9.666667    0.051602    0.048163
10.000000    0.048366    0.044875
10.333333    0.044660    0.030161
10.666667    0.067643    0.040164
11.000000    0.081632    0.084043
11.333333    0.094173    0.106899
11.666667    0.087534    0.116974
12.000000    0.073996    0.105233
12.333333    0.074853    0.092440
12.666667    0.064248    0.048737
13.000000    0.059664    0.055918
13.333333    0.059824    0.046648
13.666667    0.086769    0.078113
14.000000    0.108879    0.113506
14.333333    0.113235    0.129416
14.666667    0.094628    0.106149
15.000000    0.079181    0.070465
15.333333    0.057648    0.061701
15.666667    0.049936    0.030962
16.000000    0.059892    0.056536
16.333333    0.066340    0.073952
16.666667    0.063056    0.070066
17.000000    0.044126    0.048386
17.333333    0.039666    0.007548
17.666667    0.040666    0.002407
18.000000    0.049558    0.018165
18.333333    0.067081    0.036972
18.666667    0.079938    0.074653
19.000000    0.083309    0.110760
19.333333    0.078607    0.109896
19.666667    0.079484    0.091388
20.000000    0.092057    0.122633
20.333333    0.100084    0.128866
20.666667    0.072529    0.122513
21.000000    0.048784    0.046728
21.333333    0.049494    0.030958
21.666667    0.061027    0.047557
22.000000    0.081536    0.076781
22.333333    0.098103    0.098888
22.666667    0.123896    0.133768
23.000000    0.140917    0.138164
23.333333    0.139802    0.157540
23.666667    0.138458    0.156911
24.000000    0.133596    0.159800
24.333333    0.110318    0.169552
24.666667    0.092822    0.130101
25.000000    0.094652    0.109366
25.333333    0.093054    0.097824
25.666667    0.085565    0.099980
26.000000    0.095377    0.084091
26.333333    0.100737    0.132014
26.666667    0.088124    0.133465
27.000000    0.080552    0.104105
27.333333    0.077774    0.101853
27.666667    0.080823    0.099490
28.000000    0.061282    0.083923
28.333333    0.057026    0.073749
28.666667    0.070062    0.069504
29.000000    0.076176    0.089558
29.333333    0.080332    0.096593
29.666667    0.094265    0.111051
30.000000    0.081675    0.114076
30.333333    0.067300    0.090981
30.666667    0.071485    0.078878
31.000000    0.060713    0.085075
31.333333    0.074912    0.090244
31.666667    0.081723    0.118723
32.000000    0.102901    0.135306
32.333333    0.112370    0.169923
32.666667    0.111948    0.174187
33.000000    0.108313    0.168560
33.333333    0.100598    0.155591
33.666667    0.099729    0.123406
34.000000    0.116643    0.136526
34.333333    0.129663    0.168508
34.666667    0.117356    0.180380
35.000000    0.099390    0.151208
35.333333    0.098131    0.119405
35.666667    0.088060    0.131687
36.000000    0.090515    0.123792
36.333333    0.084728    0.123494
36.666667    0.090519    0.109800
37.000000    0.078938    0.084633
37.333333    0.072266    0.071266
37.666667    0.075757    0.080364
38.000000    0.087159    0.111478
38.333333    0.089152    0.114092
38.666667    0.073242    0.078236
39.000000    0.079117    0.073952
39.333333    0.086063    0.093544
39.666667    0.076845    0.089455
40.000000    0.060892    0.065870
40.333333    0.046449    0.037327
40.666667    0.058493    0.036828
41.000000    0.068707    0.069604
41.333333    0.077714    0.077435
41.666667    0.101498    0.089527
42.000000    0.120919    0.094990
42.333333    0.130926    0.090846
42.666667    0.136561    0.094588
43.000000    0.148900    0.116659
43.333333    0.151120    0.119098
43.666667    0.133525    0.131381
44.000000    0.100709    0.152610
44.333333    0.067480    0.065850
44.666667    0.057572    0.051925
45.000000    0.067535    0.050363
45.333333    0.068560    0.057449
45.666667    0.049115    0.039471
46.000000    0.042531    0.014028
46.333333    0.041631    0.016515
46.666667    0.041232    0.016631
47.000000    0.040535    0.017555
47.333333    0.040144    0.015642
47.666667    0.039722    0.001176
48.000000    0.039064    0.000853
48.333333    0.039096    0.001184
48.666667    0.043643    0.009234
49.000000    0.049733    0.022278
49.333333    0.058186    0.039060
49.666667    0.061733    0.055101
50.000000    0.066105    0.060948
50.333333    0.071640    0.057915
50.666667    0.059091    0.053037
51.000000    0.061633    0.038630
51.333333    0.064710    0.041041
51.666667    0.068193    0.045815
52.000000    0.060218    0.040359
52.333333    0.045249    0.022768
52.666667    0.054452    0.021772
53.000000    0.056253    0.037207
53.333333    0.056699    0.019947
53.666667    0.039423    0.013901
54.000000    0.039363    0.000000
54.333333    0.039646    0.000000
54.666667    0.039036    0.000299
55.000000    0.039303    0.000092
55.333333    0.039459    0.000076
55.666667    0.039869    0.000056
56.000000    0.039961    0.000231
56.333333    0.040001    0.003125
56.666667    0.040057    0.002216
57.000000    0.040136    0.002885
57.333333    0.040152    0.001024
57.666667    0.040216    0.001455
58.000000    0.040088    0.000128
58.333333    0.040160    0.000024
58.666667    0.049470    0.013845
59.000000    0.060091    0.028423
59.333333    0.062490    0.055998
59.666667    0.065025    0.034489
60.000000    0.054224    0.030125
60.333333    0.039897    0.006871
60.666667    0.039973    0.000159
61.000000    0.040017    0.000395
61.333333    0.039981    0.000008
61.666667    0.040188    0.000000
62.000000    0.040603    0.001670
62.333333    0.040280    0.003918
62.666667    0.040212    0.003938
63.000000    0.040320    0.005269
63.333333    0.040348    0.005368
63.666667    0.040104    0.007720
64.000000    0.040077    0.004571
64.333333    0.040304    0.004830
64.666667    0.039722    0.005237
65.000000    0.039443    0.004659
65.333333    0.039778    0.004735
65.666667    0.039455    0.004603
66.000000    0.039228    0.008580
66.333333    0.039670    0.006500
66.666667    0.039610    0.001176
67.000000    0.039626    0.000323
67.333333    0.039702    0.001156
67.666667    0.040423    0.000000
68.000000    0.052563    0.012705
68.333333    0.063861    0.029691
68.666667    0.069739    0.042711
69.000000    0.067607    0.030735
69.333333    0.039515    0.015563
69.666667    0.039586    0.000080
70.000000    0.039550    0.000044
70.333333    0.039487    0.000000
70.666667    0.039523    0.001889
71.000000    0.039578    0.000000
71.333333    0.039829    0.000000
71.666667    0.039762    0.000068
72.000000    0.039738    0.000000
72.333333    0.040065    0.000012
72.666667    0.039865    0.000000
73.000000    0.039825    0.000000
73.333333    0.039897    0.000000
73.666667    0.040077    0.000000
74.000000    0.039379    0.000000
74.333333    0.039507    0.000000
74.666667    0.039550    0.000000
75.000000    0.039538    0.000000
75.333333    0.039558    0.000000
75.666667    0.039706    0.000000
76.000000    0.039698    0.000000
76.333333    0.039829    0.000000
76.666667    0.039949    0.000000
77.000000    0.039893    0.000000
77.333333    0.039829    0.000016
77.666667    0.039829    0.000000
78.000000    0.039969    0.000000
78.333333    0.040033    0.000000
78.666667    0.039961    0.000024
79.000000    0.039443    0.000008
79.333333    0.039594    0.000000
79.666667    0.039343    0.000287
80.000000    0.039722    0.000032
80.333333    0.042364    0.000000
80.666667    0.043325    0.000000
81.000000    0.043364    0.000000
81.333333    0.043125    0.000000
81.666667    0.040706    0.000000
82.000000    0.040407    0.000000
82.333333    0.039674    0.000000
82.666667    0.039734    0.000000
83.000000    0.039821    0.000000
83.333333    0.039853    0.000000
83.666667    0.039953    0.000000
84.000000    0.039538    0.000000
84.333333    0.039638    0.000000
84.666667    0.039885    0.000000
85.000000    0.039901    0.000000
85.333333    0.039905    0.000000
85.666667    0.039654    0.000000
86.000000    0.039802    0.000000
86.333333    0.039802    0.000000
86.666667    0.039941    0.000000
87.000000    0.040862    0.000000
87.333333    0.043273    0.000000
87.666667    0.042583    0.000000
88.000000    0.041093    0.000299
88.333333    0.041005    0.000323
88.666667    0.040567    0.000438
89.000000    0.039810    0.000518
89.333333    0.039690    0.001343
89.666667    0.039825    0.001873
90.000000    0.039893    0.000709
90.333333    0.039821    0.000458
90.666667    0.040104    0.000841
91.000000    0.040120    0.000570
91.333333    0.040212    0.000000
91.666667    0.040220    0.000267
92.000000    0.040312    0.001495
92.333333    0.039706    0.001275
92.666667    0.039554    0.001467
93.000000    0.039622    0.002774
93.333333    0.039965    0.002311
93.666667    0.040280    0.000805
94.000000    0.040391    0.001335
94.333333    0.040599    0.001698
94.666667    0.041089    0.001299
95.000000    0.041280    0.002367
95.333333    0.041288    0.005807
95.666667    0.040909    0.012645
96.000000    0.041392    0.009477
96.333333    0.041559    0.009449
96.666667    0.043428    0.013263
97.000000    0.046553    0.014180
97.333333    0.048099    0.012562
97.666667    0.048513    0.013542
98.000000    0.048402    0.018125
98.333333    0.046836    0.017332
98.666667    0.045285    0.016663
99.000000    0.044863    0.031540
99.333333    0.043707    0.027363
99.666667    0.042918    0.018145
100.000000    0.044377    0.025183
100.333333    0.044608    0.030129
100.666667    0.044508    0.037968
101.000000    0.046680    0.043775
101.333333    0.048908    0.045552
101.666667    0.049964    0.045293
102.000000    0.051068    0.029970
102.333333    0.052343    0.026969
102.666667    0.054085    0.027730
103.000000    0.054663    0.017703
103.333333    0.053435    0.007807
103.666667    0.053340    0.000000
104.000000    0.053272    0.025773
104.333333    0.052323    0.009648
104.666667    0.052048    0.005655
105.000000    0.052523    0.009477
105.333333    0.051961    0.001969
105.666667    0.051682    0.005049
106.000000    0.052439    0.003017
106.333333    0.052096    0.002814
106.666667    0.051662    0.004113
107.000000    0.050849    0.008760
107.333333    0.050175    0.012893
107.666667    0.050223    0.003348
108.000000    0.050379    0.015411
108.333333    0.050410    0.007747
108.666667    0.046549    0.008525
109.000000    0.045875    0.026040
109.333333    0.050705    0.016376
109.666667    0.054009    0.014606
110.000000    0.052861    0.001319
110.333333    0.051487    0.000052
110.666667    0.051399    0.000442
111.000000    0.049629    0.004029
111.333333    0.049964    0.003005
111.666667    0.052100    0.001913
112.000000    0.051913    0.000909
112.333333    0.050530    0.000000
112.666667    0.050303    0.000000
113.000000    0.049450    0.001550
113.333333    0.049530    0.001825
113.666667    0.049239    0.003551
114.000000    0.051220    0.004782
114.333333    0.051690    0.001837
114.666667    0.051403    0.000000
115.000000    0.051227    0.000000
115.333333    0.050809    0.000167
115.666667    0.043392    0.000000
116.000000    0.042161    0.000442
116.333333    0.041997    0.002483
116.666667    0.043301    0.002889
117.000000    0.045170    0.005041
117.333333    0.048972    0.008592
117.666667    0.048625    0.005898
118.000000    0.049506    0.005942
118.333333    0.046198    0.005476
118.666667    0.045708    0.003575
119.000000    0.043946    0.004468
119.333333    0.044054    0.002575
119.666667    0.044883    0.003766
120.000000    0.046349    0.007759
120.333333    0.051746    0.011506
120.666667    0.054806    0.023139
121.000000    0.062107    0.034812
121.333333    0.061306    0.054133
121.666667    0.062263    0.064180
122.000000    0.062773    0.073525
122.333333    0.065168    0.072876
122.666667    0.063985    0.072665
123.000000    0.061757    0.056815
123.333333    0.055675    0.047453
123.666667    0.047035    0.017009
124.000000    0.044193    0.005412
124.333333    0.044046    0.000000
124.666667    0.044026    0.000000
125.000000    0.043723    0.000000
125.333333    0.043739    0.000000
125.666667    0.044177    0.000044
126.000000    0.044289    0.000171
126.333333    0.044413    0.000403
126.666667    0.046923    0.000976
127.000000    0.049940    0.001399
127.333333    0.049338    0.003583
127.666667    0.045652    0.000717
128.000000    0.044859    0.000012
128.333333    0.044540    0.000000
128.666667    0.044536    0.000000
129.000000    0.045588    0.000323
129.333333    0.045560    0.000000
129.666667    0.045724    0.000000
130.000000    0.045580    0.000869
130.333333    0.045584    0.001048
130.666667    0.044998    0.004854
131.000000    0.044851    0.005006
131.333333    0.044998    0.002228
131.666667    0.044879    0.001985
132.000000    0.045110    0.000968
132.333333    0.045513    0.000777
132.666667    0.045604    0.001100
133.000000    0.045528    0.001204
133.333333    0.045664    0.001072
133.666667    0.045955    0.000171
134.000000    0.046186    0.000000
134.333333    0.045843    0.001052
134.666667    0.045835    0.000179
135.000000    0.045301    0.004595
135.333333    0.045062    0.003053
135.666667    0.044225    0.001168
136.000000    0.044229    0.001706
136.333333    0.044054    0.005412
136.666667    0.044707    0.006010
137.000000    0.044572    0.012701
137.333333    0.046066    0.011681
137.666667    0.046437    0.016236
138.000000    0.051698    0.024888
138.333333    0.057277    0.040953
138.666667    0.061968    0.076208
139.000000    0.065320    0.064120
139.333333    0.068958    0.068775
139.666667    0.065726    0.056891
140.000000    0.045580    0.032955
140.333333    0.047350    0.010709
140.666667    0.047441    0.013451
141.000000    0.047581    0.004061
141.333333    0.047298    0.019955
141.666667    0.040511    0.017340
142.000000    0.040471    0.009951
142.333333    0.039467    0.017181
142.666667    0.040224    0.027240
143.000000    0.040049    0.029615
143.333333    0.040977    0.046720
143.666667    0.039622    0.044205
144.000000    0.040758    0.005384
144.333333    0.040515    0.014566
144.666667    0.039220    0.015001
145.000000    0.038773    0.007006
145.333333    0.039108    0.004452
145.666667    0.040136    0.003061
146.000000    0.040013    0.004707
146.333333    0.040180    0.006703
146.666667    0.041057    0.005340
147.000000    0.040766    0.004256
147.333333    0.040515    0.011267
147.666667    0.040447    0.006412
148.000000    0.040005    0.010493
148.333333    0.040192    0.007903
148.666667    0.040348    0.006659
149.000000    0.040025    0.017615
149.333333    0.040144    0.006930
149.666667    0.040706    0.008692
150.000000    0.040575    0.009529
150.333333    0.040941    0.011163
150.666667    0.041364    0.010462
151.000000    0.043356    0.013195
151.333333    0.045369    0.016344
151.666667    0.048386    0.030452
152.000000    0.049546    0.025857
152.333333    0.050442    0.051311
152.666667    0.051220    0.045636
153.000000    0.051467    0.036773
153.333333    0.048681    0.037446
153.666667    0.042814    0.023593
154.000000    0.041212    0.006663
154.333333    0.041105    0.000000
154.666667    0.041165    0.000000
155.000000    0.041085    0.000016
155.333333    0.041077    0.000243
155.666667    0.040838    0.000522
156.000000    0.041097    0.000000
156.333333    0.041145    0.000000
156.666667    0.041065    0.000120
157.000000    0.041133    0.000108
157.333333    0.040702    0.000116
157.666667    0.040650    0.000000
158.000000    0.040722    0.000000
158.333333    0.040826    0.000000
158.666667    0.040909    0.000000
159.000000    0.040523    0.000000
159.333333    0.040244    0.000000
159.666667    0.039985    0.000000
160.000000    0.039224    0.000000
160.333333    0.038917    0.000000
160.666667    0.038124    0.000000
161.000000    0.038024    0.000000
161.333333    0.038490    0.000012
161.666667    0.039275    0.000391
162.000000    0.039925    0.003065
162.333333    0.041842    0.004189
162.666667    0.042364    0.005603
163.000000    0.042615    0.009469
163.333333    0.042647    0.012243
163.666667    0.042336    0.018054
164.000000    0.042189    0.019636
164.333333    0.042312    0.018890
164.666667    0.041539    0.020951
165.000000    0.041451    0.036263
165.333333    0.041695    0.031532
165.666667    0.042906    0.029360
166.000000    0.041934    0.006018
166.333333    0.041184    0.004966
166.666667    0.041344    0.000805
167.000000    0.041404    0.000132
167.333333    0.040878    0.000000
167.666667    0.041017    0.000000
168.000000    0.040774    0.000000
168.333333    0.040252    0.000000
168.666667    0.040069    0.000000
169.000000    0.038977    0.000064
169.333333    0.039092    0.000000
169.666667    0.039120    0.000000
170.000000    0.039626    0.000000
170.333333    0.040057    0.000084
170.666667    0.040718    0.000112
171.000000    0.040702    0.000000
171.333333    0.040945    0.000000
171.666667    0.040973    0.000000
172.000000    0.040894    0.000000
172.333333    0.041077    0.000000
172.666667    0.041204    0.000000
173.000000    0.041352    0.000000
173.333333    0.041531    0.000028
173.666667    0.041344    0.000331
174.000000    0.041212    0.001164
174.333333    0.041129    0.001606
174.666667    0.041125    0.001072
175.000000    0.041252    0.000000
175.333333    0.041412    0.000000
175.666667    0.041711    0.000040
176.000000    0.043787    0.003539
176.333333    0.044859    0.001909
176.666667    0.043651    0.009724
177.000000    0.042631    0.011478
177.333333    0.040284    0.014200
177.666667    0.040894    0.012183
178.000000    0.039857    0.012040
178.333333    0.042914    0.007249
178.666667    0.049665    0.011916
179.000000    0.040842    0.008708
179.333333    0.040108    0.000000
179.666667    0.040312    0.001913
180.000000    0.040459    0.000753
180.333333    0.040459    0.000000
180.666667    0.040144    0.000813
181.000000    0.040248    0.000056
181.333333    0.040276    0.000287
181.666667    0.040340    0.000737
182.000000    0.040583    0.000000
182.333333    0.041244    0.000000
182.666667    0.041180    0.000000
183.000000    0.041276    0.000000
183.333333    0.041172    0.000000
183.666667    0.041416    0.000000
184.000000    0.041443    0.000247
184.333333    0.041440    0.000000
184.666667    0.041455    0.000000
185.000000    0.041750    0.000000
185.333333    0.041730    0.000151
185.666667    0.041519    0.000151
186.000000    0.041591    0.000000
186.333333    0.041344    0.000028
186.666667    0.041503    0.000100
187.000000    0.041471    0.000000
187.333333    0.041846    0.000155
187.666667    0.041997    0.000120
188.000000    0.042061    0.000717
188.333333    0.042125    0.001188
188.666667    0.042069    0.000925
189.000000    0.041643    0.001614
189.333333    0.041679    0.000570
189.666667    0.041826    0.000207
190.000000    0.041926    0.000000
190.333333    0.041934    0.000000
190.666667    0.041874    0.000000
191.000000    0.041862    0.000000
191.333333    0.041858    0.000000
191.666667    0.041890    0.000000
192.000000    0.041918    0.000000
192.333333    0.045708    0.006576
192.666667    0.049418    0.017647
193.000000    0.052260    0.028308
193.333333    0.041734    0.029352
193.666667    0.041798    0.017065
194.000000    0.048179    0.030651
194.333333    0.049880    0.039092
194.666667    0.052124    0.034035
195.000000    0.042882    0.021437
195.333333    0.042723    0.010015
195.666667    0.042906    0.003651
196.000000    0.042647    0.000000
196.333333    0.042496    0.000000
196.666667    0.043169    0.000000
197.000000    0.042400    0.000000
197.333333    0.045106    0.004256
197.666667    0.046385    0.015507
198.000000    0.052343    0.004994
198.333333    0.060462    0.024769
198.666667    0.055595    0.041758
199.000000    0.050622    0.038307
199.333333    0.052264    0.041810
199.666667    0.063004    0.045891
200.000000    0.079057    0.056106
200.333333    0.076319    0.070397
200.666667    0.084645    0.074653
201.000000    0.069345    0.073494
201.333333    0.060721    0.060960
201.666667    0.073601    0.028822
202.000000    0.082500    0.043926
202.333333    0.070090    0.039084
202.666667    0.051407    0.014140
203.000000    0.049291    0.003989
203.333333    0.049059    0.000000
203.666667    0.049825    0.001100
204.000000    0.062602    0.018847
204.333333    0.079352    0.030093
204.666667    0.103268    0.078718
205.000000    0.112920    0.140403
205.333333    0.107134    0.117256
205.666667    0.095768    0.130671
206.000000    0.092384    0.091029
206.333333    0.100446    0.117755
206.666667    0.101630    0.123286
207.000000    0.083517    0.104583
207.333333    0.059286    0.042894
207.666667    0.053160    0.017396
208.000000    0.066523    0.016467
208.333333    0.067169    0.030611
208.666667    0.075442    0.045568
209.000000    0.069110    0.040989
209.333333    0.058050    0.025865
209.666667    0.066089    0.022194
210.000000    0.064718    0.015607
210.333333    0.072091    0.030544
210.666667    0.086155    0.044480
211.000000    0.085190    0.061294
211.333333    0.091380    0.058278
211.666667    0.096094    0.070556
212.000000    0.081588    0.066579
212.333333    0.087347    0.062255
212.666667    0.090770    0.073278
213.000000    0.076881    0.055930
213.333333    0.066009    0.036019
213.666667    0.083190    0.033951
214.000000    0.112849    0.085784
214.333333    0.124199    0.089495
214.666667    0.117739    0.069532
215.000000    0.133808    0.073127
215.333333    0.142053    0.079978
215.666667    0.154264    0.089060
216.000000    0.154189    0.098888
216.333333    0.147665    0.111390
216.666667    0.141699    0.148298
217.000000    0.152244    0.180141
217.333333    0.163725    0.195305
217.666667    0.173027    0.183210
218.000000    0.169684    0.167787
218.333333    0.164511    0.143010
218.666667    0.156038    0.140419
219.000000    0.134238    0.139084
219.333333    0.121182    0.125510
219.666667    0.109489    0.160418
220.000000    0.105552    0.150566
220.333333    0.104555    0.141886
220.666667    0.105751    0.130133
221.000000    0.101925    0.103794
221.333333    0.092934    0.081683
221.666667    0.103491    0.104902
222.000000    0.115850    0.138044
222.333333    0.113789    0.161653
222.666667    0.113036    0.150865
223.000000    0.099984    0.115128
223.333333    0.077128    0.061605
223.666667    0.060434    0.032333
224.000000    0.051160    0.010250
224.333333    0.054189    0.001076
224.666667    0.059617    0.009844
225.000000    0.069743    0.021840
225.333333    0.074044    0.037235
225.666667    0.076283    0.026204
226.000000    0.080061    0.038741
226.333333    0.083015    0.037052
226.666667    0.066555    0.033588
227.000000    0.063435    0.034533
227.333333    0.071437    0.045417
227.666667    0.087159    0.064112
228.000000    0.100921    0.086848
228.333333    0.113598    0.103017
228.666667    0.124968    0.142978
229.000000    0.138666    0.140619
229.333333    0.156141    0.149267
229.666667    0.167352    0.173561
230.000000    0.168759    0.160633
230.333333    0.166934    0.126036
230.666667    0.146832    0.114933
231.000000    0.110936    0.052240
231.333333    0.066284    0.019692
231.666667    0.051518    0.002531
232.000000    0.051542    0.002674
232.333333    0.051475    0.002168
232.666667    0.051506    0.000335
233.000000    0.051558    0.000753
233.333333    0.051634    0.000000
233.666667    0.051634    0.000000
234.000000    0.051634    0.000060
234.333333    0.051750    0.000000
234.666667    0.051809    0.000526
235.000000    0.051829    0.000219
235.333333    0.051805    0.000000
235.666667    0.051642    0.000227
236.000000    0.057512    0.009350
236.333333    0.058875    0.016320
236.666667    0.060147    0.019584
237.000000    0.056568    0.013303
237.333333    0.051578    0.005372
237.666667    0.051738    0.000666
238.000000    0.051690    0.001837
238.333333    0.051606    0.001100
238.666667    0.051885    0.001917
239.000000    0.051885    0.001028
239.333333    0.054093    0.005285
239.666667    0.056851    0.015834
240.000000    0.057843    0.013757
240.333333    0.056839    0.016200
240.666667    0.051658    0.005340
241.000000    0.054236    0.002814
241.333333    0.063498    0.018269
241.666667    0.069181    0.032991
242.000000    0.071477    0.039507
242.333333    0.051407    0.020803
242.666667    0.051431    0.000000
243.000000    0.051773    0.000147
243.333333    0.051714    0.000000
243.666667    0.051750    0.000151
244.000000    0.052001    0.000064
244.333333    0.051885    0.000000
244.666667    0.051411    0.000713
245.000000    0.051606    0.000773
245.333333    0.051522    0.000000
245.666667    0.051618    0.000000
246.000000    0.051690    0.000000
246.333333    0.053128    0.000869
246.666667    0.058114    0.003089
247.000000    0.058405    0.013179
247.333333    0.059975    0.017591
247.666667    0.066296    0.026136
248.000000    0.079846    0.045951
248.333333    0.072218    0.053543
248.666667    0.051646    0.023123
249.000000    0.051698    0.000000
249.333333    0.060442    0.010226
249.666667    0.078240    0.031464
250.000000    0.091635    0.058501
250.333333    0.078017    0.055508
250.666667    0.060796    0.026028
251.000000    0.059015    0.014614
251.333333    0.051415    0.006476
251.666667    0.051598    0.000000
252.000000    0.051718    0.000000
252.333333    0.052152    0.000048
252.666667    0.061848    0.008971
253.000000    0.073302    0.027834
253.333333    0.077921    0.031265
253.666667    0.080412    0.036761
254.000000    0.062498    0.035673
254.333333    0.081855    0.021812
254.666667    0.099004    0.056604
255.000000    0.098888    0.067408
255.333333    0.063172    0.040228
255.666667    0.055966    0.006823
256.000000    0.055675    0.000000
256.333333    0.057313    0.000570
256.666667    0.067942    0.009995
257.000000    0.075610    0.020385
257.333333    0.078890    0.026973
257.666667    0.059047    0.014558
258.000000    0.055958    0.003714
258.333333    0.056141    0.000000
258.666667    0.056046    0.000000
259.000000    0.056034    0.000000
259.333333    0.056149    0.000000
259.666667    0.056333    0.000116
260.000000    0.056185    0.000000
260.333333    0.056098    0.000000
260.666667    0.056225    0.000000
261.000000    0.056253    0.000000
261.333333    0.056424    0.000000
261.666667    0.056436    0.000000
262.000000    0.056448    0.000000
262.333333    0.056213    0.000000
262.666667    0.056309    0.000000
263.000000    0.055906    0.000000
263.333333    0.056058    0.000000
263.666667    0.056125    0.000000
264.000000    0.056189    0.000000
264.333333    0.056082    0.000000
264.666667    0.056094    0.000012
265.000000    0.055962    0.000000
265.333333    0.055862    0.000000
265.666667    0.056022    0.000000
266.000000    0.057182    0.000000
266.333333    0.060051    0.000000
266.666667    0.061366    0.000000
267.000000    0.061573    0.000000
267.333333    0.061219    0.000000
267.666667    0.059326    0.000000
268.000000    0.057783    0.000064
268.333333    0.057277    0.000000
268.666667    0.056831    0.000000
269.000000    0.056775    0.000000
269.333333    0.056711    0.000000
269.666667    0.056361    0.000056
270.000000    0.056532    0.000000
270.333333    0.056560    0.000000
270.666667    0.056504    0.000000
271.000000    0.056400    0.000155
271.333333    0.056524    0.000658
271.666667    0.056652    0.000000
272.000000    0.056632    0.000801
272.333333    0.056907    0.001084
272.666667    0.057293    0.000462
273.000000    0.057213    0.000219
273.333333    0.057361    0.000554
273.666667    0.057285    0.000036
274.000000    0.057198    0.000000
274.333333    0.057178    0.000000
274.666667    0.056974    0.000215
275.000000    0.057122    0.000040
275.333333    0.057277    0.000000
275.666667    0.057257    0.000000
276.000000    0.057237    0.000000
276.333333    0.057162    0.000139
276.666667    0.058034    0.000000
277.000000    0.057676    0.000000
277.333333    0.057775    0.000000
277.666667    0.057763    0.000000
278.000000    0.057859    0.000295
278.333333    0.057672    0.000108
278.666667    0.058584    0.000526
279.000000    0.064248    0.004117
279.333333    0.070162    0.010860
279.666667    0.074028    0.018675
280.000000    0.073697    0.022274
280.333333    0.071760    0.022553
280.666667    0.070309    0.040666
281.000000    0.069054    0.026355
281.333333    0.067520    0.025163
281.666667    0.061713    0.013797
282.000000    0.058776    0.003997
282.333333    0.058616    0.000829
282.666667    0.056102    0.000000
283.000000    0.049303    0.002933
283.333333    0.046680    0.001925
283.666667    0.042779    0.004264
284.000000    0.043341    0.003874
284.333333    0.046409    0.005930
284.666667    0.050789    0.010669
285.000000    0.050414    0.002347
285.333333    0.049167    0.000897
285.666667    0.048832    0.007508
286.000000    0.049558    0.019321
286.333333    0.051152    0.011474
286.666667    0.050442    0.009027
287.000000    0.047932    0.004360
287.333333    0.047772    0.000000
287.666667    0.048426    0.000757
288.000000    0.046007    0.002068
288.333333    0.041639    0.003742
288.666667    0.039387    0.002212
289.000000    0.039391    0.005922
289.333333    0.040985    0.000853
289.666667    0.042910    0.007759
290.000000    0.042743    0.009485
290.333333    0.044815    0.005468
290.666667    0.046413    0.006277
291.000000    0.041782    0.002005
291.333333    0.039698    0.000000
291.666667    0.040296    0.000422
292.000000    0.041344    0.002431
292.333333    0.041527    0.005571
292.666667    0.043978    0.005304
293.000000    0.040112    0.002846
293.333333    0.039634    0.000000
293.666667    0.039734    0.000000
294.000000    0.039893    0.000000
294.333333    0.045971    0.004906
294.666667    0.043006    0.005540
295.000000    0.045026    0.006811
295.333333    0.043990    0.007345
295.666667    0.038590    0.000175
296.000000    0.038295    0.000000
296.333333    0.036577    0.000000
296.666667    0.039558    0.002300
297.000000    0.042687    0.008293
297.333333    0.039590    0.012406
297.666667    0.042268    0.011549
298.000000    0.044229    0.007170
298.333333    0.041025    0.004288
298.666667    0.045441    0.011669
299.000000    0.041352    0.014483
299.333333    0.042806    0.015108
299.666667    0.042412    0.006201
300.000000    0.049199    0.006903
300.333333    0.047689    0.005241
300.666667    0.049494    0.013678
301.000000    0.048621    0.011095
301.333333    0.041236    0.002060
301.666667    0.040256    0.001590
302.000000    0.046433    0.007476
302.333333    0.044468    0.012777
302.666667    0.048784    0.013331
303.000000    0.049187    0.008385
303.333333    0.048159    0.000885
303.666667    0.046776    0.000000
304.000000    0.042806    0.002567
304.333333    0.046549    0.013020
304.666667    0.040822    0.014415
305.000000    0.044492    0.023462
305.333333    0.047816    0.017500
305.666667    0.045441    0.004121
306.000000    0.042707    0.000470
306.333333    0.041962    0.000179
306.666667    0.042659    0.000972
307.000000    0.040017    0.003455
307.333333    0.039829    0.004480
307.666667    0.046967    0.010780
308.000000    0.050721    0.007504
308.333333    0.046023    0.003667
308.666667    0.039690    0.000000
309.000000    0.038785    0.000000
309.333333    0.040132    0.000530
309.666667    0.041623    0.000765
310.000000    0.040379    0.002814
310.333333    0.040909    0.004587
310.666667    0.040786    0.004436
311.000000    0.046019    0.009816
311.333333    0.047254    0.004990
311.666667    0.037873    0.000068
312.000000    0.036832    0.000000
312.333333    0.036769    0.000000
312.666667    0.036936    0.000000
313.000000    0.038084    0.000000
313.333333    0.037920    0.000000
313.666667    0.038128    0.000000
314.000000    0.038239    0.000000
314.333333    0.039435    0.002985
314.666667    0.040527    0.002200
315.000000    0.037171    0.003555
315.333333    0.036848    0.000000
315.666667    0.036860    0.000000
316.000000    0.036733    0.000000
316.333333    0.036593    0.000012
316.666667    0.036725    0.000000
317.000000    0.037323    0.000000
317.333333    0.038044    0.000040
317.666667    0.038757    0.000000
318.000000    0.040862    0.000000
318.333333    0.040925    0.000108
318.666667    0.042157    0.005205
319.000000    0.045106    0.011605
319.333333    0.049048    0.020170
319.666667    0.051279    0.033525
320.000000    0.052678    0.042779
320.333333    0.053547    0.036633
320.666667    0.052423    0.044719
321.000000    0.042675    0.020548
321.333333    0.041296    0.006779
321.666667    0.041172    0.000817
322.000000    0.041392    0.001255
322.333333    0.041065    0.000283
322.666667    0.041069    0.000817
323.000000    0.041172    0.002212
323.333333    0.041149    0.001785
323.666667    0.041157    0.001455
324.000000    0.041412    0.002236
324.333333    0.041571    0.001642
324.666667    0.041623    0.001463
325.000000    0.041651    0.001231
325.333333    0.041703    0.001586
325.666667    0.041396    0.001833
326.000000    0.041523    0.000598
326.333333    0.041475    0.000000
326.666667    0.042101    0.000980
327.000000    0.042894    0.005623
327.333333    0.043257    0.009732
327.666667    0.044253    0.014475
328.000000    0.044576    0.022362
328.333333    0.045437    0.025650
328.666667    0.045584    0.035338
329.000000    0.044903    0.054723
329.333333    0.045413    0.051427
329.666667    0.045963    0.044608
330.000000    0.044297    0.016121
330.333333    0.042547    0.016802
330.666667    0.041141    0.018472
331.000000    0.041125    0.020477
331.333333    0.044189    0.027702
331.666667    0.041599    0.045122
332.000000    0.041890    0.035430
332.333333    0.043767    0.032333
332.666667    0.042296    0.012111
333.000000    0.040977    0.004380
333.333333    0.040957    0.000000
333.666667    0.041037    0.000000
334.000000    0.040806    0.000000
334.333333    0.040583    0.000000
334.666667    0.040706    0.000000
335.000000    0.040626    0.000000
335.333333    0.040830    0.000000
335.666667    0.041017    0.000092
336.000000    0.040929    0.000000
336.333333    0.041045    0.000000
336.666667    0.041244    0.000000
337.000000    0.041280    0.000000
337.333333    0.040192    0.000000
337.666667    0.040025    0.000000
338.000000    0.039770    0.000000
338.333333    0.039762    0.000000
338.666667    0.039379    0.000000
339.000000    0.038136    0.000060
339.333333    0.038574    0.000000
339.666667    0.039778    0.000000
340.000000    0.040455    0.000000
340.333333    0.040754    0.000000
340.666667    0.041854    0.000418
341.000000    0.041850    0.000000
341.333333    0.042029    0.000474
341.666667    0.042025    0.000646
342.000000    0.042013    0.000000
342.333333    0.041691    0.000000
342.666667    0.041583    0.000000
343.000000    0.041818    0.000000
343.333333    0.041806    0.000000
343.666667    0.041714    0.000000
344.000000    0.041396    0.000263
344.333333    0.041447    0.000000
344.666667    0.041551    0.000195
345.000000    0.041615    0.000056
345.333333    0.041714    0.000574
345.666667    0.041348    0.001498
346.000000    0.041340    0.000183
346.333333    0.040754    0.000554
346.666667    0.040921    0.009892
347.000000    0.041117    0.007831
347.333333    0.041208    0.009445
347.666667    0.041216    0.002511
348.000000    0.041105    0.002351
348.333333    0.041065    0.002582
348.666667    0.041105    0.002351
349.000000    0.041188    0.000817
349.333333    0.041316    0.000187
349.666667    0.040814    0.000909
350.000000    0.041005    0.000000
350.333333    0.041057    0.000000
350.666667    0.041141    0.000000
351.000000    0.041097    0.000000
351.333333    0.039586    0.000000
351.666667    0.039359    0.000000
352.000000    0.039451    0.000000
352.333333    0.039499    0.000000
352.666667    0.039566    0.000000
353.000000    0.051726    0.003826
353.333333    0.047892    0.004898
353.666667    0.041503    0.007046
354.000000    0.039224    0.003001
354.333333    0.038869    0.002100
354.666667    0.037833    0.004499
355.000000    0.037869    0.005384
355.333333    0.037944    0.002642
355.666667    0.038570    0.002240
356.000000    0.038546    0.006990
356.333333    0.038729    0.009939
356.666667    0.038973    0.006930
357.000000    0.043938    0.013076
357.333333    0.048406    0.022194
357.666667    0.046210    0.025968
358.000000    0.040921    0.018910
358.333333    0.041017    0.013064
358.666667    0.041635    0.013148
359.000000    0.041790    0.013933
359.333333    0.041659    0.014264
359.666667    0.044309    0.012905
360.000000    0.050291    0.023773
360.333333    0.064953    0.016679
360.666667    0.090276    0.093958
361.000000    0.125534    0.109692
361.333333    0.155516    0.115850
361.666667    0.157636    0.116184
362.000000    0.123792    0.095186
362.333333    0.077598    0.063048
362.666667    0.042555    0.036813
363.000000    0.042623    0.012506
363.333333    0.043596    0.018229
363.666667    0.054113    0.036773
364.000000    0.068341    0.059804
364.333333    0.074231    0.090443
364.666667    0.057612    0.069237
365.000000    0.043488    0.071728
365.333333    0.045520    0.064120
365.666667    0.058417    0.066065
366.000000    0.069265    0.069309
366.333333    0.081990    0.085183
366.666667    0.081887    0.080432
367.000000    0.054460    0.052228
367.333333    0.048601    0.024048
367.666667    0.053742    0.027865
368.000000    0.064821    0.045365
368.333333    0.083174    0.075307
368.666667    0.093707    0.099554
369.000000    0.075737    0.083202
369.333333    0.068560    0.087729
369.666667    0.083716    0.055795
370.000000    0.092436    0.072107
370.333333    0.091993    0.101216
370.666667    0.099665    0.078121
371.000000    0.078328    0.074896
371.333333    0.066141    0.055257
371.666667    0.066487    0.034318
372.000000    0.069943    0.055352
372.333333    0.076176    0.073617
372.666667    0.083007    0.074059
373.000000    0.069604    0.067452
373.333333    0.053663    0.041360
373.666667    0.055496    0.037287
374.000000    0.060709    0.042169
374.333333    0.061035    0.038076
374.666667    0.072768    0.048326
375.000000    0.078439    0.060888
375.333333    0.088435    0.067615
375.666667    0.095249    0.075586
376.000000    0.083796    0.066057
376.333333    0.103858    0.082201
376.666667    0.139204    0.094835
377.000000    0.165391    0.109354
377.333333    0.183704    0.112076
377.666667    0.196565    0.132807
378.000000    0.184549    0.115714
378.333333    0.162207    0.101781
378.666667    0.134975    0.086418
379.000000    0.126606    0.079739
379.333333    0.130165    0.085246
379.666667    0.127830    0.105520
380.000000    0.133158    0.092332
380.333333    0.151467    0.133517
380.666667    0.184242    0.160509
381.000000    0.204974    0.150343
381.333333    0.212143    0.127044
381.666667    0.209238    0.114523
382.000000    0.211546    0.110254
382.333333    0.190690    0.130595
