0.333333    0.103475    0.000000
0.666667    0.103902    0.000000
1.000000    0.105619    0.002164
1.333333    0.107162    0.007508
1.666667    0.106998    0.008361
2.000000    0.108094    0.006731
2.333333    0.106735    0.007911
2.666667    0.105994    0.004882
3.000000    0.105077    0.011378
3.333333    0.109031    0.021345
3.666667    0.112534    0.007213
4.000000    0.113745    0.018420
4.333333    0.112223    0.031114
4.666667    0.108835    0.026415
5.000000    0.106867    0.011721
5.333333    0.105815    0.009477
5.666667    0.105002    0.000000
6.000000    0.104794    0.000291
6.333333    0.103706    0.002658
6.666667    0.105827    0.006185
7.000000    0.108812    0.030568
7.333333    0.113550    0.033186
7.666667    0.119911    0.037151
8.000000    0.123908    0.058230
8.333333    0.126941    0.067448
8.666667    0.132309    0.082094
9.000000    0.139252    0.095166
9.333333    0.142806    0.095608
9.666667    0.148211    0.090686
10.000000    0.159553    0.117850
10.333333    0.164857    0.144552
10.666667    0.170592    0.164188
11.000000    0.165571    0.167787
11.333333    0.159684    0.102088
11.666667    0.167715    0.124040
12.000000    0.172872    0.103439
12.333333    0.168811    0.149641
12.666667    0.164710    0.132030
13.000000    0.168141    0.127499
13.333333    0.167225    0.107648
13.666667    0.166089    0.108800
14.000000    0.164000    0.104826
14.333333    0.159880    0.092747
14.666667    0.142675    0.043372
15.000000    0.132357    0.023286
15.333333    0.133066    0.045788
15.666667    0.136462    0.051367
16.000000    0.131452    0.062877
16.333333    0.130492    0.046039
16.666667    0.131576    0.046039
17.000000    0.135577    0.056544
17.333333    0.144628    0.073812
17.666667    0.156930    0.108202
18.000000    0.163973    0.112964
18.333333    0.166639    0.131225
18.666667    0.171684    0.158457
19.000000    0.174558    0.139012
19.333333    0.174271    0.135194
19.666667    0.174223    0.152674
20.000000    0.171760    0.166798
20.333333    0.162378    0.161498
20.666667    0.166914    0.137223
21.000000    0.179149    0.133309
21.333333    0.188231    0.126148
21.666667    0.207437    0.182309
22.000000    0.219855    0.195640
22.333333    0.226845    0.222561
22.666667    0.230643    0.273358
23.000000    0.236195    0.278491
23.333333    0.220146    0.276096
23.666667    0.206400    0.259772
24.000000    0.198454    0.252766
24.333333    0.184222    0.203802
24.666667    0.175498    0.192197
25.000000    0.173872    0.179205
25.333333    0.183118    0.152850
25.666667    0.181934    0.089140
26.000000    0.185513    0.136868
26.333333    0.176841    0.149350
26.666667    0.175785    0.156106
27.000000    0.165232    0.152228
27.333333    0.158397    0.135972
27.666667    0.157301    0.146828
28.000000    0.162665    0.119544
28.333333    0.167866    0.161625
28.666667    0.168962    0.127622
29.000000    0.166711    0.151060
29.333333    0.172322    0.125877
29.666667    0.175279    0.144676
30.000000    0.180623    0.153814
30.333333    0.181548    0.157142
30.666667    0.193348    0.187008
31.000000    0.199912    0.219460
31.333333    0.204005    0.262020
31.666667    0.211223    0.244919
32.000000    0.211430    0.262076
32.333333    0.205065    0.249179
32.666667    0.197139    0.206353
33.000000    0.201746    0.231719
33.333333    0.206369    0.223924
33.666667    0.204990    0.222685
34.000000    0.202116    0.171409
34.333333    0.199287    0.190782
34.666667    0.185509    0.211358
35.000000    0.177953    0.164841
35.333333    0.177172    0.132022
35.666667    0.178547    0.166890
36.000000    0.181919    0.179615
36.333333    0.168484    0.154543
36.666667    0.159923    0.132457
37.000000    0.162841    0.119684
37.333333    0.165985    0.137374
37.666667    0.160127    0.143484
38.000000    0.156978    0.133816
38.333333    0.160677    0.097748
38.666667    0.157588    0.092408
39.000000    0.163566    0.089961
39.333333    0.159904    0.080994
39.666667    0.167057    0.086326
40.000000    0.171740    0.106480
40.333333    0.183046    0.142508
40.666667    0.195744    0.128926
41.000000    0.205747    0.132580
41.333333    0.211143    0.177240
41.666667    0.228292    0.219648
42.000000    0.227834    0.191161
42.333333    0.218380    0.177869
42.666667    0.211538    0.175004
43.000000    0.197629    0.212598
43.333333    0.172461    0.234999
43.666667    0.145891    0.144197
44.000000    0.131492    0.097131
44.333333    0.130312    0.041400
44.666667    0.116786    0.015595
45.000000    0.109059    0.024199
45.333333    0.106787    0.010633
45.666667    0.107102    0.001710
46.000000    0.107245    0.001156
46.333333    0.107927    0.010868
46.666667    0.112530    0.014985
47.000000    0.116954    0.022796
47.333333    0.119102    0.031468
47.666667    0.120632    0.039503
48.000000    0.121174    0.053810
48.333333    0.126550    0.069349
48.666667    0.132520    0.081508
49.000000    0.137095    0.086860
49.333333    0.140583    0.076602
49.666667    0.133389    0.071086
50.000000    0.131046    0.061386
50.333333    0.128535    0.054053
50.666667    0.131177    0.031707
51.000000    0.126714    0.040164
51.333333    0.120764    0.039291
51.666667    0.120317    0.037753
52.000000    0.122820    0.038227
52.333333    0.122310    0.034836
52.666667    0.126220    0.036876
53.000000    0.117599    0.039602
53.333333    0.108776    0.022469
53.666667    0.108843    0.000016
54.000000    0.108843    0.000462
54.333333    0.110238    0.000000
54.666667    0.106536    0.000000
55.000000    0.108166    0.001212
55.333333    0.108855    0.001096
55.666667    0.109362    0.000913
56.000000    0.109393    0.000825
56.333333    0.109501    0.012669
56.666667    0.109939    0.009848
57.000000    0.110111    0.008130
57.333333    0.110473    0.008899
57.666667    0.110609    0.006305
58.000000    0.112207    0.010904
58.333333    0.119245    0.015288
58.666667    0.126718    0.037000
59.000000    0.132755    0.043089
59.333333    0.121357    0.040607
59.666667    0.111298    0.020369
60.000000    0.110637    0.002455
60.333333    0.108983    0.000191
60.666667    0.109166    0.001534
61.000000    0.109047    0.000283
61.333333    0.109091    0.000151
61.666667    0.109413    0.000096
62.000000    0.109704    0.001132
62.333333    0.109840    0.003435
62.666667    0.110234    0.004559
63.000000    0.110270    0.010322
63.333333    0.110386    0.008321
63.666667    0.109724    0.009860
64.000000    0.109756    0.003698
64.333333    0.109884    0.003798
64.666667    0.109433    0.007114
65.000000    0.108935    0.009756
65.333333    0.108995    0.009417
65.666667    0.108608    0.006042
66.000000    0.108632    0.011087
66.333333    0.109075    0.009652
66.666667    0.109728    0.012032
67.000000    0.108772    0.014869
67.333333    0.124554    0.036629
67.666667    0.128842    0.056659
68.000000    0.133537    0.064311
68.333333    0.132744    0.057576
68.666667    0.120074    0.040619
69.000000    0.114256    0.038781
69.333333    0.118229    0.029946
69.666667    0.116691    0.057863
70.000000    0.116503    0.068600
70.333333    0.116368    0.059529
70.666667    0.114383    0.046190
71.000000    0.117795    0.038219
71.333333    0.119751    0.054611
71.666667    0.122218    0.061135
72.000000    0.123689    0.070748
72.333333    0.124235    0.066950
72.666667    0.120353    0.069098
73.000000    0.118516    0.063462
73.333333    0.119165    0.064000
73.666667    0.118739    0.060310
74.000000    0.114810    0.064383
74.333333    0.114849    0.060489
74.666667    0.112582    0.060454
75.000000    0.112183    0.056775
75.333333    0.113586    0.045397
75.666667    0.110537    0.051104
76.000000    0.108851    0.044165
76.333333    0.110748    0.044253
76.666667    0.114957    0.033242
77.000000    0.118815    0.071883
77.333333    0.115607    0.070971
77.666667    0.115630    0.064833
78.000000    0.116097    0.074765
78.333333    0.115272    0.060780
78.666667    0.111956    0.046593
79.000000    0.108429    0.042089
79.333333    0.109023    0.034975
79.666667    0.107576    0.038905
80.000000    0.108927    0.030392
80.333333    0.114558    0.024406
80.666667    0.122529    0.059238
81.000000    0.121597    0.062901
81.333333    0.119397    0.058804
81.666667    0.116985    0.048948
82.000000    0.115021    0.038112
82.333333    0.113710    0.033214
82.666667    0.112442    0.021828
83.000000    0.112167    0.014319
83.333333    0.111434    0.007576
83.666667    0.111167    0.006628
84.000000    0.108780    0.009545
84.333333    0.107437    0.014630
84.666667    0.106588    0.009059
85.000000    0.108070    0.005440
85.333333    0.110641    0.021090
85.666667    0.117468    0.032205
86.000000    0.120772    0.023290
86.333333    0.115750    0.027969
86.666667    0.116890    0.015009
87.000000    0.116009    0.010984
87.333333    0.113725    0.002292
87.666667    0.111884    0.000518
88.000000    0.111155    0.003973
88.333333    0.110788    0.003288
88.666667    0.111007    0.000088
89.000000    0.112928    0.012630
89.333333    0.114395    0.018412
89.666667    0.118348    0.022027
90.000000    0.124183    0.029420
90.333333    0.117914    0.026849
90.666667    0.114754    0.015905
91.000000    0.114881    0.012729
91.333333    0.114742    0.014036
91.666667    0.114806    0.012908
92.000000    0.114893    0.016623
92.333333    0.113534    0.014232
92.666667    0.114387    0.016575
93.000000    0.114343    0.021098
93.333333    0.115862    0.020772
93.666667    0.115981    0.023422
94.000000    0.116388    0.025952
94.333333    0.116978    0.024247
94.666667    0.115734    0.028228
95.000000    0.115120    0.025486
95.333333    0.114734    0.024390
95.666667    0.113646    0.031616
96.000000    0.113072    0.031747
96.333333    0.114447    0.036195
96.666667    0.117045    0.048581
97.000000    0.119385    0.058481
97.333333    0.118699    0.059613
97.666667    0.118942    0.057249
98.000000    0.118564    0.062115
98.333333    0.117260    0.057313
98.666667    0.116037    0.045242
99.000000    0.116603    0.060629
99.333333    0.115957    0.049418
99.666667    0.114622    0.048880
100.000000    0.115539    0.048462
100.333333    0.115363    0.047294
100.666667    0.112773    0.056620
101.000000    0.112072    0.048745
101.333333    0.111382    0.049239
101.666667    0.108832    0.042117
102.000000    0.109959    0.016240
102.333333    0.109525    0.014315
102.666667    0.108959    0.024048
103.000000    0.104216    0.020405
103.333333    0.097804    0.035509
103.666667    0.095899    0.019839
104.000000    0.094301    0.049123
104.333333    0.095768    0.040423
104.666667    0.098657    0.039375
105.000000    0.102009    0.033987
105.333333    0.103878    0.020660
105.666667    0.104503    0.022768
106.000000    0.108313    0.015850
106.333333    0.108927    0.035314
106.666667    0.108377    0.037135
107.000000    0.107552    0.021612
107.333333    0.101937    0.023780
107.666667    0.102168    0.013375
108.000000    0.102853    0.021923
108.333333    0.104029    0.024566
108.666667    0.104487    0.016268
109.000000    0.102391    0.037000
109.333333    0.104930    0.016623
109.666667    0.106293    0.014730
110.000000    0.102443    0.009892
110.333333    0.094719    0.002853
110.666667    0.092846    0.013255
111.000000    0.100195    0.007038
111.333333    0.105966    0.006572
111.666667    0.107624    0.020074
112.000000    0.107819    0.009919
112.333333    0.103380    0.016188
112.666667    0.102192    0.003894
113.000000    0.105707    0.015599
113.333333    0.109079    0.021206
113.666667    0.108808    0.009951
114.000000    0.105177    0.006484
114.333333    0.106201    0.008361
114.666667    0.102921    0.019516
115.000000    0.100546    0.014016
115.333333    0.102901    0.019947
115.666667    0.115822    0.035904
116.000000    0.112645    0.034537
116.333333    0.112251    0.037406
116.666667    0.115248    0.046118
117.000000    0.122920    0.048609
117.333333    0.135342    0.042464
117.666667    0.136454    0.048390
118.000000    0.134258    0.049183
118.333333    0.132421    0.051128
118.666667    0.133361    0.064200
119.000000    0.124900    0.074960
119.333333    0.124773    0.079679
119.666667    0.128611    0.059680
120.000000    0.125100    0.063829
120.333333    0.123872    0.084704
120.666667    0.120955    0.089108
121.000000    0.122728    0.105464
121.333333    0.124629    0.108939
121.666667    0.130552    0.103097
122.000000    0.131632    0.075458
122.333333    0.128411    0.078786
122.666667    0.124590    0.060860
123.000000    0.121991    0.053523
123.333333    0.115168    0.053336
123.666667    0.115073    0.018779
124.000000    0.116368    0.009720
124.333333    0.112331    0.018348
124.666667    0.109979    0.012821
125.000000    0.107086    0.007855
125.333333    0.107337    0.006899
125.666667    0.104950    0.003778
126.000000    0.106249    0.008230
126.333333    0.105922    0.003686
126.666667    0.106014    0.003858
127.000000    0.105548    0.003232
127.333333    0.099992    0.001797
127.666667    0.106739    0.009174
128.000000    0.112546    0.023900
128.333333    0.110246    0.025514
128.666667    0.105751    0.011729
129.000000    0.110792    0.008214
129.333333    0.110840    0.003069
129.666667    0.111111    0.007030
130.000000    0.110860    0.006691
130.333333    0.111103    0.008481
130.666667    0.111522    0.012721
131.000000    0.111729    0.002925
131.333333    0.111952    0.004037
131.666667    0.112159    0.013156
132.000000    0.113941    0.014901
132.333333    0.117551    0.015531
132.666667    0.119727    0.018468
133.000000    0.121860    0.023521
133.333333    0.124123    0.031811
133.666667    0.124657    0.018564
134.000000    0.122075    0.012454
134.333333    0.121688    0.000283
134.666667    0.120871    0.016770
135.000000    0.118763    0.026949
135.333333    0.117862    0.027244
135.666667    0.109772    0.029105
136.000000    0.111318    0.043149
136.333333    0.112873    0.045528
136.666667    0.116073    0.042743
137.000000    0.118141    0.059812
137.333333    0.126000    0.067910
137.666667    0.124765    0.071644
138.000000    0.130998    0.100267
138.333333    0.134585    0.122011
138.666667    0.139232    0.107421
139.000000    0.135685    0.086378
139.333333    0.128455    0.074338
139.666667    0.121110    0.069911
140.000000    0.122314    0.018659
140.333333    0.123956    0.026746
140.666667    0.122581    0.013247
141.000000    0.118436    0.016001
141.333333    0.113056    0.023219
141.666667    0.107851    0.025163
142.000000    0.106604    0.030556
142.333333    0.096879    0.041145
142.666667    0.098366    0.038152
143.000000    0.099809    0.023043
143.333333    0.101654    0.012956
143.666667    0.099944    0.015742
144.000000    0.104523    0.011868
144.333333    0.103902    0.011023
144.666667    0.103714    0.017627
145.000000    0.104308    0.024346
145.333333    0.105145    0.005815
145.666667    0.111410    0.024295
146.000000    0.111534    0.025108
146.333333    0.111717    0.010972
146.666667    0.112745    0.016364
147.000000    0.113036    0.012359
147.333333    0.113598    0.030249
147.666667    0.114475    0.031257
148.000000    0.114730    0.021816
148.333333    0.116826    0.028934
148.666667    0.117711    0.040340
149.000000    0.117464    0.068974
149.333333    0.118277    0.059824
149.666667    0.119436    0.059896
150.000000    0.118376    0.067037
150.333333    0.119452    0.062223
150.666667    0.120058    0.066436
151.000000    0.120178    0.064319
151.333333    0.117607    0.047772
151.666667    0.115567    0.037024
152.000000    0.114806    0.024617
152.333333    0.111478    0.018568
152.666667    0.111215    0.008393
153.000000    0.111286    0.011888
153.333333    0.111502    0.014220
153.666667    0.109860    0.007720
154.000000    0.109023    0.001598
154.333333    0.109354    0.000000
154.666667    0.109401    0.000000
155.000000    0.108979    0.007098
155.333333    0.107971    0.006253
155.666667    0.108094    0.009660
156.000000    0.109126    0.009896
156.333333    0.109756    0.012590
156.666667    0.109848    0.006277
157.000000    0.109868    0.013502
157.333333    0.109003    0.007389
157.666667    0.108058    0.005958
158.000000    0.108541    0.003854
158.333333    0.110202    0.006428
158.666667    0.110298    0.010194
159.000000    0.109788    0.005862
159.333333    0.108947    0.000000
159.666667    0.107851    0.009374
160.000000    0.106345    0.013008
160.333333    0.104778    0.007038
160.666667    0.098553    0.013239
161.000000    0.098693    0.018169
161.333333    0.101989    0.015826
161.666667    0.105564    0.017711
162.000000    0.106508    0.021310
162.333333    0.110386    0.020198
162.666667    0.111494    0.017711
163.000000    0.111709    0.023390
163.333333    0.111705    0.027770
163.666667    0.111087    0.031560
164.000000    0.109027    0.029201
164.333333    0.108692    0.028296
164.666667    0.107457    0.032628
165.000000    0.107863    0.044429
165.333333    0.107855    0.037685
165.666667    0.110501    0.036147
166.000000    0.110529    0.015977
166.333333    0.108533    0.006416
166.666667    0.108835    0.000849
167.000000    0.108752    0.003368
167.333333    0.108557    0.000000
167.666667    0.108784    0.000000
168.000000    0.108437    0.000000
168.333333    0.107082    0.000008
168.666667    0.106217    0.000000
169.000000    0.101116    0.000956
169.333333    0.101754    0.000000
169.666667    0.101949    0.000151
170.000000    0.103702    0.003312
170.333333    0.105213    0.002834
170.666667    0.109130    0.002642
171.000000    0.109385    0.000000
171.333333    0.109975    0.000000
171.666667    0.109904    0.000000
172.000000    0.109680    0.000020
172.333333    0.109202    0.000036
172.666667    0.109744    0.000000
173.000000    0.110055    0.000510
173.333333    0.110015    0.006652
173.666667    0.110629    0.006923
174.000000    0.112450    0.005655
174.333333    0.113478    0.006919
174.666667    0.113140    0.013522
175.000000    0.112853    0.008919
175.333333    0.112382    0.009848
175.666667    0.110469    0.007333
176.000000    0.111573    0.005436
176.333333    0.111821    0.000713
176.666667    0.112004    0.001873
177.000000    0.112618    0.013765
177.333333    0.101969    0.022593
177.666667    0.099813    0.016798
178.000000    0.098980    0.011394
178.333333    0.098753    0.009752
178.666667    0.099661    0.009557
179.000000    0.105153    0.007297
179.333333    0.110326    0.015443
179.666667    0.115383    0.021062
180.000000    0.122246    0.025937
180.333333    0.124179    0.039594
180.666667    0.120114    0.048211
181.000000    0.117065    0.028726
181.333333    0.114248    0.021449
181.666667    0.113745    0.011263
182.000000    0.112398    0.003997
182.333333    0.111211    0.003017
182.666667    0.112167    0.012737
183.000000    0.112602    0.007002
183.333333    0.113024    0.014295
183.666667    0.113431    0.013733
184.000000    0.113060    0.014156
184.333333    0.112398    0.013733
184.666667    0.111091    0.010661
185.000000    0.111386    0.006058
185.333333    0.111653    0.001574
185.666667    0.110649    0.003192
186.000000    0.111004    0.002642
186.333333    0.111199    0.000104
186.666667    0.111282    0.000072
187.000000    0.111310    0.000000
187.333333    0.110892    0.003969
187.666667    0.110972    0.002571
188.000000    0.111211    0.002503
188.333333    0.111617    0.002961
188.666667    0.111717    0.003667
189.000000    0.110597    0.011753
189.333333    0.111035    0.003061
189.666667    0.111418    0.002618
190.000000    0.111235    0.000000
190.333333    0.111015    0.001905
190.666667    0.111215    0.002009
191.000000    0.111936    0.000881
191.333333    0.115367    0.005161
191.666667    0.117312    0.014248
192.000000    0.117802    0.019317
192.333333    0.118635    0.016555
192.666667    0.117320    0.019731
193.000000    0.117221    0.018081
193.333333    0.117033    0.033517
193.666667    0.117619    0.037865
194.000000    0.117591    0.043169
194.333333    0.112889    0.019492
194.666667    0.113187    0.005938
195.000000    0.113243    0.000096
195.333333    0.113586    0.002997
195.666667    0.113048    0.000757
196.000000    0.115065    0.005420
196.333333    0.115531    0.013407
196.666667    0.118584    0.015878
197.000000    0.126845    0.026622
197.333333    0.121226    0.036773
197.666667    0.124609    0.045899
198.000000    0.126654    0.039144
198.333333    0.125351    0.048207
198.666667    0.124609    0.069185
199.000000    0.117237    0.085481
199.333333    0.120971    0.087578
199.666667    0.123135    0.090463
200.000000    0.121868    0.060422
200.333333    0.115328    0.058628
200.666667    0.106412    0.050721
201.000000    0.111286    0.035175
201.333333    0.112793    0.037797
201.666667    0.106659    0.021047
202.000000    0.107680    0.017759
202.333333    0.116567    0.021298
202.666667    0.117898    0.048836
203.000000    0.122681    0.075410
203.333333    0.131584    0.101997
203.666667    0.142559    0.119552
204.000000    0.156285    0.103451
204.333333    0.151311    0.105568
204.666667    0.157166    0.157094
205.000000    0.154029    0.137287
205.333333    0.148215    0.102806
205.666667    0.132437    0.101004
206.000000    0.126411    0.050367
206.333333    0.123589    0.089825
206.666667    0.118289    0.068189
207.000000    0.117731    0.041360
207.333333    0.123446    0.038793
207.666667    0.127579    0.046716
208.000000    0.135808    0.059509
208.333333    0.131388    0.077706
208.666667    0.134625    0.065634
209.000000    0.144831    0.078894
209.333333    0.153599    0.101961
209.666667    0.159114    0.095162
210.000000    0.158576    0.090033
210.333333    0.161577    0.111000
210.666667    0.167033    0.127311
211.000000    0.166420    0.130882
211.333333    0.167356    0.106173
211.666667    0.173812    0.104499
212.000000    0.171294    0.107835
212.333333    0.162000    0.127551
212.666667    0.164244    0.122924
213.000000    0.186275    0.152499
213.333333    0.202160    0.178479
213.666667    0.215766    0.214040
214.000000    0.224446    0.209370
214.333333    0.239323    0.212486
214.666667    0.256205    0.240248
215.000000    0.259581    0.256875
215.333333    0.253260    0.275737
215.666667    0.243651    0.300323
216.000000    0.223486    0.293201
216.333333    0.205922    0.288004
216.666667    0.199976    0.291320
217.000000    0.198234    0.279587
217.333333    0.190870    0.273896
217.666667    0.187279    0.262343
218.000000    0.178579    0.258923
218.333333    0.172645    0.253531
218.666667    0.173306    0.244448
219.000000    0.162944    0.203372
219.333333    0.162721    0.199004
219.666667    0.166993    0.197011
220.000000    0.167671    0.151311
220.333333    0.162893    0.176128
220.666667    0.155643    0.162235
221.000000    0.147764    0.158086
221.333333    0.151303    0.134792
221.666667    0.154846    0.160414
222.000000    0.147127    0.166938
222.333333    0.139981    0.134573
222.666667    0.129157    0.102200
223.000000    0.120915    0.073175
223.333333    0.122158    0.040650
223.666667    0.126016    0.039503
224.000000    0.129085    0.042077
224.333333    0.131600    0.055595
224.666667    0.136366    0.068432
225.000000    0.141280    0.069998
225.333333    0.145736    0.080719
225.666667    0.144959    0.089295
226.000000    0.150199    0.106998
226.333333    0.155918    0.104487
226.666667    0.167069    0.122441
227.000000    0.177547    0.139180
227.333333    0.180639    0.165626
227.666667    0.180835    0.182313
228.000000    0.182170    0.185183
228.333333    0.191272    0.190224
228.666667    0.206038    0.225526
229.000000    0.204101    0.227284
229.333333    0.199928    0.215176
229.666667    0.189782    0.161127
230.000000    0.165539    0.139224
230.333333    0.142153    0.061322
230.666667    0.116599    0.073382
231.000000    0.104276    0.023378
231.333333    0.101754    0.008429
231.666667    0.102419    0.002232
232.000000    0.102284    0.002136
232.333333    0.101498    0.002001
232.666667    0.102798    0.003176
233.000000    0.102730    0.002925
233.333333    0.103021    0.000000
233.666667    0.103212    0.000207
234.000000    0.102052    0.001164
234.333333    0.102423    0.000207
234.666667    0.105109    0.003312
235.000000    0.107887    0.009856
235.333333    0.108114    0.011717
235.666667    0.108839    0.013825
236.000000    0.109931    0.012713
236.333333    0.108230    0.016105
236.666667    0.103507    0.007807
237.000000    0.103742    0.000817
237.333333    0.102315    0.002654
237.666667    0.102096    0.000897
238.000000    0.104886    0.007975
238.333333    0.105707    0.014650
238.666667    0.106193    0.020034
239.000000    0.106863    0.017791
239.333333    0.106827    0.014706
239.666667    0.110944    0.021206
240.000000    0.112960    0.026586
240.333333    0.111681    0.041738
240.666667    0.112885    0.035497
241.000000    0.117113    0.037036
241.333333    0.119393    0.040300
241.666667    0.104850    0.024574
242.000000    0.102706    0.009633
242.333333    0.102798    0.000000
242.666667    0.102742    0.000000
243.000000    0.102694    0.000060
243.333333    0.102483    0.000614
243.666667    0.102762    0.002770
244.000000    0.103065    0.002439
244.333333    0.103184    0.000239
244.666667    0.102391    0.001897
245.000000    0.104292    0.002439
245.333333    0.106755    0.009525
245.666667    0.107285    0.016176
246.000000    0.109401    0.022230
246.333333    0.112171    0.032879
246.666667    0.117045    0.042563
247.000000    0.122071    0.050745
247.333333    0.122696    0.044237
247.666667    0.122079    0.049928
248.000000    0.112231    0.033461
248.333333    0.110513    0.021254
248.666667    0.118329    0.017001
249.000000    0.127877    0.026969
249.333333    0.134987    0.046525
249.666667    0.123796    0.045732
250.000000    0.111546    0.029185
250.333333    0.109122    0.010031
250.666667    0.104025    0.001630
251.000000    0.105061    0.000554
251.333333    0.110557    0.005862
251.666667    0.114925    0.018978
252.000000    0.116276    0.028009
252.333333    0.124330    0.033616
252.666667    0.131381    0.036629
253.000000    0.131707    0.071648
253.333333    0.119915    0.060633
253.666667    0.125179    0.059772
254.000000    0.134103    0.033975
254.333333    0.129970    0.021437
254.666667    0.118942    0.039722
255.000000    0.117081    0.026925
255.333333    0.121023    0.025674
255.666667    0.120305    0.044193
256.000000    0.127535    0.038319
256.333333    0.134553    0.051901
256.666667    0.132465    0.054424
257.000000    0.116922    0.042994
257.333333    0.117356    0.047346
257.666667    0.119672    0.039746
258.000000    0.123569    0.048131
258.333333    0.124876    0.059744
258.666667    0.123490    0.067045
259.000000    0.119393    0.066802
259.333333    0.119731    0.055986
259.666667    0.117061    0.050347
260.000000    0.117049    0.053487
260.333333    0.117779    0.056193
260.666667    0.117009    0.052260
261.000000    0.117787    0.046557
261.333333    0.116890    0.055344
261.666667    0.120277    0.048525
262.000000    0.123270    0.053013
262.333333    0.124574    0.061271
262.666667    0.126829    0.079675
263.000000    0.126857    0.068851
263.333333    0.130300    0.072322
263.666667    0.129061    0.071134
264.000000    0.126849    0.069122
264.333333    0.122234    0.064810
264.666667    0.117926    0.065140
265.000000    0.117388    0.062219
265.333333    0.117320    0.059513
265.666667    0.118042    0.058517
266.000000    0.122306    0.045273
266.333333    0.128332    0.041786
266.666667    0.130356    0.049725
267.000000    0.126271    0.075829
267.333333    0.125418    0.076467
267.666667    0.120883    0.070648
268.000000    0.116463    0.064232
268.333333    0.114080    0.038901
268.666667    0.116511    0.018293
269.000000    0.118157    0.020831
269.333333    0.120947    0.039403
269.666667    0.120620    0.057779
270.000000    0.126853    0.044616
270.333333    0.128730    0.052702
270.666667    0.123262    0.052650
271.000000    0.121816    0.047418
271.333333    0.113399    0.046848
271.666667    0.111980    0.037052
272.000000    0.116388    0.023521
272.333333    0.119425    0.021365
272.666667    0.123505    0.053021
273.000000    0.119580    0.049964
273.333333    0.120341    0.043655
273.666667    0.121254    0.031369
274.000000    0.120162    0.024271
274.333333    0.119484    0.015172
274.666667    0.119429    0.010701
275.000000    0.120022    0.003647
275.333333    0.119062    0.001506
275.666667    0.121899    0.015897
276.000000    0.124179    0.022457
276.333333    0.124394    0.022888
276.666667    0.128818    0.029013
277.000000    0.126239    0.024705
277.333333    0.125399    0.018532
277.666667    0.124765    0.018504
278.000000    0.128364    0.020078
278.333333    0.131568    0.019540
278.666667    0.134206    0.019915
279.000000    0.137311    0.018440
279.333333    0.139044    0.021274
279.666667    0.140407    0.032532
280.000000    0.138809    0.039100
280.333333    0.132660    0.043281
280.666667    0.127160    0.039355
281.000000    0.125590    0.040579
281.333333    0.123976    0.033859
281.666667    0.125020    0.031002
282.000000    0.124857    0.031859
282.333333    0.124892    0.033855
282.666667    0.121429    0.027483
283.000000    0.106249    0.017818
283.333333    0.105743    0.024390
283.666667    0.105611    0.028172
284.000000    0.105061    0.014578
284.333333    0.104607    0.006954
284.666667    0.107405    0.000418
285.000000    0.104699    0.000486
285.333333    0.099876    0.001913
285.666667    0.102048    0.016583
286.000000    0.104404    0.021824
286.333333    0.108780    0.020544
286.666667    0.110609    0.018129
287.000000    0.107249    0.017193
287.333333    0.106412    0.004125
287.666667    0.108760    0.005109
288.000000    0.107389    0.024797
288.333333    0.108883    0.019516
288.666667    0.103722    0.027104
289.000000    0.104543    0.026200
289.333333    0.106938    0.017464
289.666667    0.111135    0.008457
290.000000    0.108820    0.006695
290.333333    0.108955    0.005536
290.666667    0.104571    0.006520
291.000000    0.105779    0.003184
291.333333    0.107580    0.010171
291.666667    0.110402    0.014204
292.000000    0.115467    0.006309
292.333333    0.120536    0.016360
292.666667    0.120947    0.015742
293.000000    0.114084    0.012885
293.333333    0.111661    0.017316
293.666667    0.108668    0.022437
294.000000    0.111844    0.012765
294.333333    0.115563    0.005842
294.666667    0.110756    0.004719
295.000000    0.106213    0.007819
295.333333    0.100937    0.004659
295.666667    0.105532    0.015419
296.000000    0.107142    0.021672
296.333333    0.102072    0.019030
296.666667    0.104822    0.005711
297.000000    0.100849    0.011593
297.333333    0.096919    0.007851
297.666667    0.094313    0.003435
298.000000    0.091013    0.004770
298.333333    0.097708    0.008572
298.666667    0.098673    0.015870
299.000000    0.106209    0.023402
299.333333    0.109991    0.014351
299.666667    0.117109    0.020748
300.000000    0.118436    0.033899
300.333333    0.117783    0.000430
300.666667    0.117922    0.012841
301.000000    0.116683    0.021178
301.333333    0.101865    0.040579
301.666667    0.099713    0.009868
302.000000    0.103583    0.009581
302.333333    0.105281    0.025502
302.666667    0.107457    0.014554
303.000000    0.102602    0.023159
303.333333    0.104248    0.032712
303.666667    0.098095    0.016910
304.000000    0.100817    0.011936
304.333333    0.099864    0.042779
304.666667    0.103639    0.014427
305.000000    0.101339    0.005392
305.333333    0.097732    0.013642
305.666667    0.097406    0.000438
306.000000    0.099279    0.003854
306.333333    0.099609    0.019548
306.666667    0.102224    0.012195
307.000000    0.104798    0.028754
307.333333    0.103870    0.022836
307.666667    0.105265    0.015220
308.000000    0.103926    0.023386
308.333333    0.101120    0.019668
308.666667    0.098071    0.012689
309.000000    0.099271    0.009246
309.333333    0.103324    0.013817
309.666667    0.106771    0.012211
310.000000    0.108835    0.013554
310.333333    0.106875    0.007090
310.666667    0.103882    0.010338
311.000000    0.101845    0.009764
311.333333    0.104228    0.017324
311.666667    0.102128    0.008297
312.000000    0.097704    0.010800
312.333333    0.102331    0.010107
312.666667    0.108405    0.011015
313.000000    0.111976    0.005874
313.333333    0.108369    0.009648
313.666667    0.104751    0.006042
314.000000    0.104930    0.002961
314.333333    0.105037    0.002068
314.666667    0.095273    0.004149
315.000000    0.097154    0.010641
315.333333    0.101487    0.022569
315.666667    0.106245    0.023167
316.000000    0.104755    0.026144
316.333333    0.103360    0.022844
316.666667    0.102873    0.025933
317.000000    0.105105    0.028894
317.333333    0.108226    0.035852
317.666667    0.111565    0.035226
318.000000    0.118998    0.055472
318.333333    0.120417    0.049761
318.666667    0.121106    0.030914
319.000000    0.119967    0.054312
319.333333    0.121684    0.042197
319.666667    0.123350    0.052662
320.000000    0.124593    0.052224
320.333333    0.118444    0.046684
320.666667    0.112845    0.037741
321.000000    0.111932    0.007134
321.333333    0.111689    0.017575
321.666667    0.110928    0.014024
322.000000    0.111318    0.015324
322.333333    0.108373    0.015515
322.666667    0.108628    0.004416
323.000000    0.108788    0.006321
323.333333    0.108824    0.004392
323.666667    0.108572    0.011195
324.000000    0.110194    0.017428
324.333333    0.110238    0.016085
324.666667    0.112283    0.021501
325.000000    0.113108    0.027682
325.333333    0.113514    0.032154
325.666667    0.113315    0.034792
326.000000    0.114271    0.035071
326.333333    0.115077    0.034573
326.666667    0.116607    0.034625
327.000000    0.116738    0.047011
327.333333    0.114275    0.052005
327.666667    0.116061    0.045174
328.000000    0.116587    0.055141
328.333333    0.119018    0.075972
328.666667    0.118225    0.095210
329.000000    0.113454    0.046278
329.333333    0.111972    0.064566
329.666667    0.109688    0.055922
330.000000    0.105217    0.031317
330.333333    0.104631    0.027850
330.666667    0.102726    0.030799
331.000000    0.103340    0.025642
331.333333    0.105285    0.034856
331.666667    0.105767    0.038590
332.000000    0.111924    0.044903
332.333333    0.114869    0.038478
332.666667    0.109210    0.016200
333.000000    0.108684    0.001714
333.333333    0.108596    0.000024
333.666667    0.108708    0.000000
334.000000    0.107728    0.000000
334.333333    0.107919    0.000000
334.666667    0.107620    0.000040
335.000000    0.107831    0.000000
335.333333    0.108238    0.000247
335.666667    0.107700    0.001048
336.000000    0.108118    0.000147
336.333333    0.108214    0.000000
336.666667    0.108250    0.000000
337.000000    0.108214    0.000000
337.333333    0.105181    0.000000
337.666667    0.104185    0.000219
338.000000    0.101969    0.000893
338.333333    0.102048    0.003722
338.666667    0.101522    0.002455
339.000000    0.098139    0.002507
339.333333    0.100387    0.001439
339.666667    0.103674    0.001989
340.000000    0.105500    0.001853
340.333333    0.106392    0.000000
340.666667    0.111478    0.000602
341.000000    0.111326    0.001415
341.333333    0.111633    0.001355
341.666667    0.111557    0.000689
342.000000    0.111653    0.000000
342.333333    0.111314    0.000446
342.666667    0.110956    0.000610
343.000000    0.111390    0.002311
343.333333    0.111840    0.002200
343.666667    0.111741    0.003001
344.000000    0.110350    0.003101
344.333333    0.110549    0.002048
344.666667    0.110880    0.005755
345.000000    0.110481    0.003244
345.333333    0.111211    0.000705
345.666667    0.109684    0.004093
346.000000    0.109816    0.000610
346.333333    0.106978    0.005663
346.666667    0.107421    0.005799
347.000000    0.107887    0.008341
347.333333    0.108226    0.004854
347.666667    0.108353    0.001172
348.000000    0.107807    0.001889
348.333333    0.107867    0.006201
348.666667    0.107879    0.004085
349.000000    0.108015    0.000147
349.333333    0.108134    0.000060
349.666667    0.106986    0.000203
350.000000    0.107724    0.000000
350.333333    0.107771    0.000000
350.666667    0.107488    0.000000
351.000000    0.107636    0.000000
351.333333    0.101849    0.000000
351.666667    0.101092    0.000008
352.000000    0.101239    0.000000
352.333333    0.101335    0.000000
352.666667    0.101423    0.000000
353.000000    0.098573    0.000000
353.333333    0.098673    0.000000
353.666667    0.102905    0.003057
354.000000    0.109712    0.009848
354.333333    0.111856    0.027264
354.666667    0.109294    0.009481
355.000000    0.107261    0.028001
355.333333    0.103308    0.015073
355.666667    0.100518    0.002013
356.000000    0.098498    0.012000
356.333333    0.095915    0.010103
356.666667    0.094994    0.008513
357.000000    0.095074    0.006285
357.333333    0.094863    0.010669
357.666667    0.094783    0.013662
358.000000    0.104639    0.017089
358.333333    0.112542    0.035230
358.666667    0.125442    0.041635
359.000000    0.140615    0.063841
359.333333    0.155400    0.113646
359.666667    0.172358    0.094608
360.000000    0.188546    0.088917
360.333333    0.207544    0.087072
360.666667    0.221393    0.171943
361.000000    0.221369    0.203651
361.333333    0.201084    0.182771
361.666667    0.169413    0.142448
362.000000    0.143038    0.100885
362.333333    0.124976    0.069464
362.666667    0.126208    0.064658
363.000000    0.126821    0.042799
363.333333    0.128714    0.073306
363.666667    0.133282    0.091655
364.000000    0.127981    0.082480
364.333333    0.127674    0.078316
364.666667    0.132405    0.090495
365.000000    0.137853    0.077658
365.333333    0.145823    0.126008
365.666667    0.149211    0.104013
366.000000    0.139969    0.125713
366.333333    0.128148    0.094759
366.666667    0.120485    0.062777
367.000000    0.122880    0.074203
367.333333    0.133887    0.065830
367.666667    0.150546    0.076084
368.000000    0.143588    0.102778
368.333333    0.134234    0.099641
368.666667    0.131365    0.107166
369.000000    0.137697    0.114961
369.333333    0.136569    0.080966
369.666667    0.134776    0.083995
370.000000    0.135043    0.087805
370.333333    0.127407    0.087789
370.666667    0.122310    0.059374
371.000000    0.123250    0.056149
371.333333    0.122003    0.058345
371.666667    0.124338    0.060477
372.000000    0.124813    0.062996
372.333333    0.123039    0.045752
372.666667    0.125789    0.047677
373.000000    0.130456    0.047453
373.333333    0.135613    0.056273
373.666667    0.144719    0.089180
374.000000    0.157516    0.092324
374.333333    0.170034    0.098290
374.666667    0.176156    0.120457
375.000000    0.169046    0.148561
375.333333    0.173338    0.175179
375.666667    0.200574    0.146772
376.000000    0.221923    0.180512
376.333333    0.246987    0.221250
376.666667    0.258134    0.266404
377.000000    0.256548    0.269305
377.333333    0.248884    0.251993
377.666667    0.236267    0.246752
378.000000    0.216934    0.212873
378.333333    0.198183    0.207162
378.666667    0.191607    0.162119
379.000000    0.198856    0.167468
379.333333    0.214881    0.159991
379.666667    0.229711    0.191153
380.000000    0.250139    0.216615
380.333333    0.264363    0.256835
380.666667    0.269361    0.246517
381.000000    0.265427    0.252575
381.333333    0.259023    0.230201
381.666667    0.246086    0.248390
382.000000    0.243835    0.216316
382.333333    0.226319    0.207664
