0.333333    0.068277    0.000000
0.666667    0.073266    0.005157
1.000000    0.073924    0.007939
1.333333    0.068524    0.005018
1.666667    0.068333    0.000000
2.000000    0.068851    0.001379
2.333333    0.076702    0.014100
2.666667    0.081209    0.022266
3.000000    0.078599    0.024251
3.333333    0.073693    0.015882
3.666667    0.070006    0.012976
4.000000    0.068731    0.008772
4.333333    0.068309    0.003734
4.666667    0.067882    0.003989
5.000000    0.068010    0.000000
5.333333    0.067966    0.000000
5.666667    0.067787    0.000000
6.000000    0.071708    0.000662
6.333333    0.079400    0.009744
6.666667    0.089447    0.026977
7.000000    0.086665    0.051140
7.333333    0.081281    0.021385
7.666667    0.082592    0.015798
8.000000    0.085533    0.035306
8.333333    0.082058    0.057755
8.666667    0.084704    0.054766
9.000000    0.081719    0.051937
9.333333    0.081807    0.058425
9.666667    0.092579    0.062359
10.000000    0.098163    0.072250
10.333333    0.103639    0.084565
10.666667    0.116918    0.092675
11.000000    0.127455    0.140515
11.333333    0.136410    0.148788
11.666667    0.112462    0.145226
12.000000    0.108740    0.114495
12.333333    0.118659    0.111470
12.666667    0.121489    0.094763
13.000000    0.118508    0.105587
13.333333    0.119142    0.105026
13.666667    0.135330    0.133752
14.000000    0.146620    0.148282
14.333333    0.138694    0.138024
14.666667    0.126319    0.100550
15.000000    0.120210    0.080627
15.333333    0.092850    0.074972
15.666667    0.087916    0.060701
16.000000    0.092520    0.079005
16.333333    0.096931    0.069217
16.666667    0.087490    0.072669
17.000000    0.073183    0.045309
17.333333    0.081564    0.025446
17.666667    0.091272    0.048808
18.000000    0.097912    0.073521
18.333333    0.110537    0.097047
18.666667    0.133142    0.106309
19.000000    0.137614    0.154025
19.333333    0.127088    0.146353
19.666667    0.121461    0.137550
20.000000    0.128726    0.147346
20.333333    0.136314    0.172681
20.666667    0.108835    0.137438
21.000000    0.096497    0.076343
21.333333    0.109099    0.044564
21.666667    0.128176    0.111836
22.000000    0.150147    0.148083
22.333333    0.161745    0.173625
22.666667    0.183266    0.200952
23.000000    0.198661    0.214244
23.333333    0.198541    0.218372
23.666667    0.203284    0.245445
24.000000    0.193978    0.259346
24.333333    0.173127    0.245867
24.666667    0.154922    0.211446
25.000000    0.148502    0.187020
25.333333    0.143109    0.145580
25.666667    0.137649    0.148533
26.000000    0.154559    0.143030
26.333333    0.141615    0.193612
26.666667    0.128973    0.158222
27.000000    0.117822    0.153810
27.333333    0.119460    0.123952
27.666667    0.121413    0.129623
28.000000    0.102132    0.124454
28.333333    0.106460    0.119978
28.666667    0.116722    0.108756
29.000000    0.119919    0.133592
29.333333    0.123250    0.129408
29.666667    0.126582    0.136844
30.000000    0.117364    0.134362
30.333333    0.118552    0.119939
30.666667    0.130185    0.123155
31.000000    0.130376    0.143372
31.333333    0.140065    0.163454
31.666667    0.141184    0.190196
32.000000    0.156014    0.219158
32.333333    0.171533    0.234912
32.666667    0.163674    0.231341
33.000000    0.163901    0.235772
33.333333    0.162171    0.226459
33.666667    0.160266    0.195337
34.000000    0.172513    0.200602
34.333333    0.171194    0.208513
34.666667    0.157600    0.217404
35.000000    0.157911    0.184254
35.333333    0.143333    0.160569
35.666667    0.127084    0.184664
36.000000    0.138594    0.158477
36.333333    0.136290    0.150163
36.666667    0.133242    0.155233
37.000000    0.119939    0.135414
37.333333    0.120393    0.119767
37.666667    0.130320    0.125399
38.000000    0.144755    0.163702
38.333333    0.129077    0.163594
38.666667    0.106253    0.110621
39.000000    0.117468    0.096872
39.333333    0.129950    0.099701
39.666667    0.126339    0.100227
40.000000    0.110888    0.074446
40.333333    0.112370    0.064833
40.666667    0.128128    0.077379
41.000000    0.140367    0.134158
41.333333    0.151785    0.145265
41.666667    0.176403    0.153312
42.000000    0.200048    0.131098
42.333333    0.218352    0.131942
42.666667    0.234425    0.120564
43.000000    0.239295    0.160565
43.333333    0.227658    0.175562
43.666667    0.200331    0.194201
44.000000    0.163526    0.184210
44.333333    0.130480    0.082887
44.666667    0.122971    0.053148
45.000000    0.126212    0.056018
45.333333    0.118974    0.022920
45.666667    0.104169    0.019285
46.000000    0.104695    0.008114
46.333333    0.103806    0.010123
46.666667    0.103411    0.011717
47.000000    0.103164    0.014578
47.333333    0.104368    0.016547
47.666667    0.108026    0.009720
48.000000    0.112072    0.016404
48.333333    0.114363    0.024334
48.666667    0.118416    0.041639
49.000000    0.122824    0.053926
49.333333    0.131026    0.064722
49.666667    0.139252    0.071007
50.000000    0.148398    0.087044
50.333333    0.147828    0.087231
50.666667    0.129623    0.058608
51.000000    0.129651    0.047708
51.333333    0.131632    0.039634
51.666667    0.138506    0.046828
52.000000    0.125968    0.046561
52.333333    0.116794    0.033931
52.666667    0.121146    0.028750
53.000000    0.122788    0.031377
53.333333    0.123342    0.017201
53.666667    0.104416    0.014028
54.000000    0.104316    0.000000
54.333333    0.104543    0.000000
54.666667    0.103280    0.000773
55.000000    0.103930    0.000737
55.333333    0.104408    0.001275
55.666667    0.104751    0.001112
56.000000    0.104874    0.000821
56.333333    0.104966    0.010581
56.666667    0.104950    0.005448
57.000000    0.105105    0.005073
57.333333    0.105277    0.004173
57.666667    0.105344    0.002168
58.000000    0.105300    0.001379
58.333333    0.105468    0.000590
58.666667    0.121421    0.021995
59.000000    0.128419    0.051267
59.333333    0.130165    0.065021
59.666667    0.132389    0.036936
60.000000    0.113670    0.029603
60.333333    0.104922    0.006950
60.666667    0.104826    0.002244
61.000000    0.104834    0.001216
61.333333    0.104782    0.000363
61.666667    0.104894    0.000080
62.000000    0.105285    0.001829
62.333333    0.105356    0.004990
62.666667    0.105564    0.005165
63.000000    0.105520    0.007676
63.333333    0.105687    0.007293
63.666667    0.105029    0.011952
64.000000    0.105006    0.004798
64.333333    0.105205    0.005384
64.666667    0.104854    0.005607
65.000000    0.104623    0.005544
65.333333    0.104774    0.006942
65.666667    0.104420    0.006671
66.000000    0.103926    0.011422
66.333333    0.104268    0.010764
66.666667    0.104663    0.010900
67.000000    0.104591    0.010968
67.333333    0.115579    0.018014
67.666667    0.121784    0.022832
68.000000    0.125474    0.035701
68.333333    0.132205    0.039260
68.666667    0.138415    0.044365
69.000000    0.124127    0.029348
69.333333    0.104671    0.014120
69.666667    0.104715    0.000646
70.000000    0.104747    0.000323
70.333333    0.104810    0.000120
70.666667    0.104065    0.001714
71.000000    0.104133    0.000634
71.333333    0.104400    0.000466
71.666667    0.104476    0.000988
72.000000    0.104436    0.000542
72.333333    0.104507    0.001156
72.666667    0.104671    0.000785
73.000000    0.104850    0.001443
73.333333    0.104687    0.003475
73.666667    0.104599    0.002893
74.000000    0.103886    0.003360
74.333333    0.103922    0.004037
74.666667    0.104133    0.004647
75.000000    0.104404    0.005113
75.333333    0.104396    0.002080
75.666667    0.104121    0.003097
76.000000    0.104117    0.003001
76.333333    0.104228    0.001124
76.666667    0.104133    0.001714
77.000000    0.104161    0.002108
77.333333    0.104635    0.002001
77.666667    0.104603    0.000319
78.000000    0.104838    0.000287
78.333333    0.105189    0.000606
78.666667    0.105077    0.001295
79.000000    0.103635    0.002758
79.333333    0.103360    0.004503
79.666667    0.102985    0.004970
80.000000    0.103527    0.001295
80.333333    0.106807    0.005081
80.666667    0.107879    0.007154
81.000000    0.107795    0.003850
81.333333    0.107688    0.004169
81.666667    0.105117    0.004782
82.000000    0.105181    0.007425
82.333333    0.104372    0.009684
82.666667    0.103918    0.013355
83.000000    0.103973    0.012996
83.333333    0.103854    0.016356
83.666667    0.103746    0.015359
84.000000    0.102997    0.016989
84.333333    0.103372    0.017516
84.666667    0.103228    0.020389
85.000000    0.103324    0.018723
85.333333    0.103762    0.018329
85.666667    0.103013    0.015682
86.000000    0.102846    0.015304
86.333333    0.102654    0.013722
86.666667    0.103144    0.014004
87.000000    0.104456    0.013183
87.333333    0.106835    0.007947
87.666667    0.106050    0.011195
88.000000    0.104308    0.013674
88.333333    0.104404    0.011394
88.666667    0.104655    0.010458
89.000000    0.103180    0.009425
89.333333    0.103599    0.006420
89.666667    0.104009    0.004236
90.000000    0.104157    0.000984
90.333333    0.104340    0.000956
90.666667    0.103491    0.001176
91.000000    0.104328    0.000570
91.333333    0.104615    0.005308
91.666667    0.105332    0.001363
92.000000    0.106185    0.010059
92.333333    0.106293    0.010764
92.666667    0.107050    0.010270
93.000000    0.107405    0.013211
93.333333    0.108162    0.011896
93.666667    0.108740    0.007285
94.000000    0.108903    0.010230
94.333333    0.108835    0.012187
94.666667    0.108660    0.009704
95.000000    0.108074    0.010473
95.333333    0.108062    0.014626
95.666667    0.107480    0.023322
96.000000    0.106899    0.017982
96.333333    0.107405    0.018022
96.666667    0.109214    0.021879
97.000000    0.112641    0.023792
97.333333    0.113889    0.024406
97.666667    0.114997    0.032441
98.000000    0.115324    0.039574
98.333333    0.113745    0.037980
98.666667    0.112147    0.022234
99.000000    0.112247    0.044464
99.333333    0.110872    0.027969
99.666667    0.109063    0.028248
100.000000    0.107983    0.029942
100.333333    0.106090    0.024430
100.666667    0.102650    0.050410
101.000000    0.100076    0.064044
101.333333    0.095568    0.062363
101.666667    0.092157    0.072342
102.000000    0.091348    0.061239
102.333333    0.091730    0.061653
102.666667    0.093141    0.070066
103.000000    0.098282    0.069803
103.333333    0.102774    0.065045
103.666667    0.104886    0.048079
104.000000    0.107134    0.066153
104.333333    0.109226    0.034011
104.666667    0.111155    0.044624
105.000000    0.111984    0.044265
105.333333    0.110729    0.011111
105.666667    0.104284    0.028053
106.000000    0.104420    0.022832
106.333333    0.108118    0.025155
106.666667    0.111059    0.020297
107.000000    0.111382    0.018444
107.333333    0.110581    0.019173
107.666667    0.110190    0.004723
108.000000    0.109202    0.017603
108.333333    0.109202    0.009736
108.666667    0.109557    0.006855
109.000000    0.097023    0.028659
109.333333    0.090359    0.022673
109.666667    0.092543    0.022908
110.000000    0.103754    0.028551
110.333333    0.109278    0.011876
110.666667    0.111123    0.003017
111.000000    0.106034    0.003021
111.333333    0.096142    0.016627
111.666667    0.096712    0.015363
112.000000    0.106512    0.018552
112.333333    0.109796    0.011665
112.666667    0.110601    0.006755
113.000000    0.109007    0.002535
113.333333    0.102375    0.006046
113.666667    0.105117    0.013606
114.000000    0.095772    0.020672
114.333333    0.099040    0.022278
114.666667    0.107134    0.020265
115.000000    0.110473    0.009027
115.333333    0.109804    0.002403
115.666667    0.076646    0.003730
116.000000    0.075534    0.010557
116.333333    0.078762    0.010796
116.666667    0.074757    0.008042
117.000000    0.070046    0.001144
117.333333    0.080344    0.008365
117.666667    0.087749    0.020022
118.000000    0.087183    0.021282
118.333333    0.093113    0.026638
118.666667    0.088474    0.028890
119.000000    0.079818    0.021413
119.333333    0.078651    0.017607
119.666667    0.079189    0.016985
120.000000    0.079555    0.021373
120.333333    0.081010    0.026395
120.666667    0.094544    0.041312
121.000000    0.106636    0.075335
121.333333    0.110306    0.104045
121.666667    0.103069    0.119209
122.000000    0.111549    0.114160
122.333333    0.106934    0.114427
122.666667    0.111621    0.102694
123.000000    0.102140    0.060462
123.333333    0.087235    0.058612
123.666667    0.074996    0.018883
124.000000    0.071461    0.005448
124.333333    0.071485    0.000000
124.666667    0.071589    0.000000
125.000000    0.071274    0.000000
125.333333    0.071421    0.000000
125.666667    0.071429    0.000482
126.000000    0.071533    0.000367
126.333333    0.071537    0.000422
126.666667    0.071517    0.000395
127.000000    0.093879    0.010736
127.333333    0.098992    0.021640
127.666667    0.085386    0.029878
128.000000    0.071987    0.009935
128.333333    0.071059    0.000143
128.666667    0.071122    0.000000
129.000000    0.073067    0.000478
129.333333    0.073322    0.000072
129.666667    0.073286    0.000068
130.000000    0.073031    0.001160
130.333333    0.073115    0.000474
130.666667    0.073007    0.006656
131.000000    0.073003    0.004707
131.333333    0.073075    0.002092
131.666667    0.072892    0.002511
132.000000    0.073059    0.001096
132.333333    0.073179    0.001487
132.666667    0.073621    0.001287
133.000000    0.073498    0.001176
133.333333    0.073761    0.001861
133.666667    0.073868    0.000159
134.000000    0.073450    0.000538
134.333333    0.073462    0.001112
134.666667    0.073956    0.000478
135.000000    0.072752    0.006496
135.333333    0.071927    0.003376
135.666667    0.070329    0.001036
136.000000    0.071585    0.004081
136.333333    0.073294    0.015774
136.666667    0.077718    0.016332
137.000000    0.082409    0.035617
137.333333    0.087673    0.038502
137.666667    0.086805    0.050151
138.000000    0.092189    0.060143
138.333333    0.093408    0.079782
138.666667    0.099275    0.097011
139.000000    0.103910    0.092125
139.333333    0.110342    0.087382
139.666667    0.105524    0.087339
140.000000    0.084051    0.035597
140.333333    0.085063    0.016065
140.666667    0.085992    0.026024
141.000000    0.086657    0.012012
141.333333    0.087115    0.033397
141.666667    0.078388    0.028487
142.000000    0.081385    0.023258
142.333333    0.079531    0.024825
142.666667    0.079882    0.036904
143.000000    0.079220    0.037084
143.333333    0.079189    0.030117
143.666667    0.069831    0.043305
144.000000    0.070142    0.012183
144.333333    0.069947    0.018540
144.666667    0.067336    0.023223
145.000000    0.066938    0.010242
145.333333    0.066910    0.009174
145.666667    0.068604    0.004543
146.000000    0.068596    0.008270
146.333333    0.069548    0.009923
146.666667    0.070301    0.008011
147.000000    0.069899    0.008824
147.333333    0.068564    0.020772
147.666667    0.069229    0.009063
148.000000    0.068643    0.017898
148.333333    0.068775    0.015810
148.666667    0.069233    0.010043
149.000000    0.069855    0.032979
149.333333    0.071780    0.023521
149.666667    0.074187    0.032751
150.000000    0.074669    0.040284
150.333333    0.075905    0.050279
150.666667    0.078296    0.053236
151.000000    0.079858    0.065642
151.333333    0.079615    0.053013
151.666667    0.079495    0.059645
152.000000    0.079121    0.039431
152.333333    0.079966    0.052686
152.666667    0.080041    0.043556
153.000000    0.077969    0.036059
153.333333    0.075068    0.031034
153.666667    0.070772    0.016017
154.000000    0.069480    0.004416
154.333333    0.069584    0.000000
154.666667    0.069935    0.000000
155.000000    0.069719    0.004619
155.333333    0.069755    0.003663
155.666667    0.069831    0.002224
156.000000    0.070337    0.000147
156.333333    0.070054    0.002654
156.666667    0.069799    0.001251
157.000000    0.070042    0.002435
157.333333    0.069823    0.000116
157.666667    0.069325    0.000303
158.000000    0.069807    0.000000
158.333333    0.069823    0.000000
158.666667    0.069624    0.000044
159.000000    0.069070    0.000000
159.333333    0.069711    0.000215
159.666667    0.067998    0.001367
160.000000    0.066974    0.000000
160.333333    0.066463    0.000199
160.666667    0.065065    0.000877
161.000000    0.065033    0.002172
161.333333    0.065878    0.003822
161.666667    0.067679    0.005719
162.000000    0.068520    0.010657
162.333333    0.071202    0.011530
162.666667    0.071708    0.012370
163.000000    0.071780    0.017639
163.333333    0.071353    0.021162
163.666667    0.070875    0.027252
164.000000    0.070453    0.023864
164.333333    0.070289    0.019333
164.666667    0.069373    0.023278
165.000000    0.069281    0.039056
165.333333    0.075279    0.040463
165.666667    0.071477    0.040112
166.000000    0.070540    0.006237
166.333333    0.069592    0.005340
166.666667    0.069432    0.000681
167.000000    0.069600    0.000203
167.333333    0.069138    0.000000
167.666667    0.069357    0.000000
168.000000    0.068958    0.000000
168.333333    0.068344    0.000000
168.666667    0.067874    0.000000
169.000000    0.066268    0.000606
169.333333    0.066463    0.000000
169.666667    0.066443    0.000000
170.000000    0.067013    0.000000
170.333333    0.067779    0.000060
170.666667    0.069110    0.000020
171.000000    0.069161    0.000000
171.333333    0.069245    0.000000
171.666667    0.069488    0.000000
172.000000    0.069544    0.000000
172.333333    0.069608    0.000000
172.666667    0.069803    0.000000
173.000000    0.070042    0.000000
173.333333    0.069963    0.000016
173.666667    0.069994    0.000319
174.000000    0.069819    0.001574
174.333333    0.069915    0.001451
174.666667    0.069620    0.001431
175.000000    0.069608    0.000000
175.333333    0.069839    0.000000
175.666667    0.069875    0.000379
176.000000    0.071170    0.002515
176.333333    0.086326    0.009122
176.666667    0.085426    0.024861
177.000000    0.071015    0.018532
177.333333    0.066978    0.014893
177.666667    0.067336    0.011809
178.000000    0.064993    0.008150
178.333333    0.071326    0.007516
178.666667    0.081966    0.023840
179.000000    0.097095    0.027148
179.333333    0.087434    0.019711
179.666667    0.077148    0.027128
180.000000    0.071246    0.027076
180.333333    0.069436    0.005026
180.666667    0.069014    0.000833
181.000000    0.068986    0.000040
181.333333    0.068934    0.000498
181.666667    0.069078    0.000642
182.000000    0.069046    0.000000
182.333333    0.069620    0.000000
182.666667    0.069680    0.000000
183.000000    0.069843    0.000000
183.333333    0.069775    0.000000
183.666667    0.070110    0.000000
184.000000    0.070034    0.000399
184.333333    0.070218    0.000104
184.666667    0.070198    0.000000
185.000000    0.070361    0.000000
185.333333    0.070493    0.000000
185.666667    0.070102    0.000666
186.000000    0.069998    0.000000
186.333333    0.069851    0.000000
186.666667    0.069923    0.000044
187.000000    0.070026    0.000446
187.333333    0.070353    0.000227
187.666667    0.070501    0.000044
188.000000    0.070453    0.000363
188.333333    0.070513    0.001024
188.666667    0.070688    0.002379
189.000000    0.070086    0.003224
189.333333    0.070022    0.000757
189.666667    0.070026    0.000203
190.000000    0.070050    0.000000
190.333333    0.070202    0.000000
190.666667    0.070780    0.000000
191.000000    0.070815    0.000000
191.333333    0.070768    0.000000
191.666667    0.072840    0.005018
192.000000    0.076008    0.010286
192.333333    0.077001    0.022158
192.666667    0.078710    0.027088
193.000000    0.079926    0.027567
193.333333    0.074996    0.040933
193.666667    0.075614    0.039865
194.000000    0.077455    0.043520
194.333333    0.078862    0.045034
194.666667    0.079177    0.035151
195.000000    0.071194    0.018619
195.333333    0.071569    0.008760
195.666667    0.071907    0.004599
196.000000    0.071577    0.000901
196.333333    0.072067    0.000574
196.666667    0.074593    0.005253
197.000000    0.075438    0.015057
197.333333    0.079762    0.023370
197.666667    0.084876    0.026443
198.000000    0.088447    0.023808
198.333333    0.094803    0.036888
198.666667    0.095540    0.063486
199.000000    0.093109    0.069397
199.333333    0.103125    0.071828
199.666667    0.108672    0.097740
200.000000    0.128547    0.073792
200.333333    0.136542    0.089020
200.666667    0.141328    0.097561
201.000000    0.127782    0.086434
201.333333    0.115092    0.072848
201.666667    0.114813    0.038558
202.000000    0.118898    0.066097
202.333333    0.110525    0.073876
202.666667    0.104707    0.042691
203.000000    0.115256    0.033800
203.333333    0.129073    0.037936
203.666667    0.142854    0.056165
204.000000    0.153985    0.083190
204.333333    0.163578    0.069544
204.666667    0.182999    0.134254
205.000000    0.194919    0.182732
205.333333    0.193958    0.156217
205.666667    0.169365    0.175933
206.000000    0.157309    0.115886
206.333333    0.157325    0.134577
206.666667    0.146676    0.121118
207.000000    0.136338    0.113698
207.333333    0.119990    0.059660
207.666667    0.118476    0.067727
208.000000    0.124311    0.041396
208.333333    0.125510    0.050813
208.666667    0.130376    0.060238
209.000000    0.125650    0.050263
209.333333    0.126530    0.045130
209.666667    0.136454    0.053834
210.000000    0.139076    0.054296
210.333333    0.143054    0.069703
210.666667    0.147015    0.081711
211.000000    0.159816    0.089463
211.333333    0.174319    0.100430
211.666667    0.169265    0.102176
212.000000    0.155185    0.086617
212.333333    0.161693    0.080105
212.666667    0.158309    0.085171
213.000000    0.150984    0.082449
213.333333    0.160693    0.077343
213.666667    0.181297    0.101263
214.000000    0.206424    0.144556
214.333333    0.210386    0.135808
214.666667    0.214036    0.123661
215.000000    0.235689    0.136163
215.333333    0.248171    0.154515
215.666667    0.259764    0.175885
216.000000    0.252403    0.195413
216.333333    0.243823    0.208907
216.666667    0.236956    0.203790
217.000000    0.240682    0.267882
217.333333    0.240738    0.254216
217.666667    0.249841    0.246202
218.000000    0.245572    0.231432
218.333333    0.236514    0.225295
218.666667    0.225259    0.231863
219.000000    0.198394    0.202033
219.333333    0.185629    0.196883
219.666667    0.176399    0.222314
220.000000    0.180496    0.190650
220.333333    0.181460    0.187347
220.666667    0.179212    0.177810
221.000000    0.173645    0.148689
221.333333    0.170656    0.136948
221.666667    0.174912    0.163466
222.000000    0.170560    0.186968
222.333333    0.168113    0.190758
222.666667    0.171294    0.158875
223.000000    0.148609    0.123569
223.333333    0.127463    0.062522
223.666667    0.118093    0.034704
224.000000    0.121322    0.025295
224.333333    0.122908    0.030755
224.666667    0.125056    0.048103
225.000000    0.129153    0.040236
225.333333    0.135039    0.048980
225.666667    0.140527    0.056265
226.000000    0.149123    0.089794
226.333333    0.150781    0.083417
226.666667    0.139598    0.082058
227.000000    0.148143    0.085848
227.333333    0.159648    0.099143
227.666667    0.178344    0.126718
228.000000    0.194484    0.150199
228.333333    0.204755    0.173733
228.666667    0.212458    0.193412
229.000000    0.222589    0.213156
229.333333    0.242954    0.214224
229.666667    0.246684    0.231536
230.000000    0.234477    0.140096
230.333333    0.222111    0.124793
230.666667    0.194150    0.130225
231.000000    0.152814    0.050881
231.333333    0.109629    0.020528
231.666667    0.104316    0.002981
232.000000    0.104336    0.004232
232.333333    0.104328    0.003288
232.666667    0.104631    0.000853
233.000000    0.104607    0.002068
233.333333    0.104858    0.000171
233.666667    0.105089    0.000020
234.000000    0.104798    0.001116
234.333333    0.105189    0.000016
234.666667    0.105293    0.001088
235.000000    0.106245    0.001506
235.333333    0.109712    0.003555
235.666667    0.110390    0.014678
236.000000    0.112151    0.020090
236.333333    0.112773    0.020158
236.666667    0.114483    0.018946
237.000000    0.106357    0.011733
237.333333    0.105033    0.005882
237.666667    0.105033    0.002355
238.000000    0.105153    0.006201
238.333333    0.105396    0.002272
238.666667    0.106385    0.003981
239.000000    0.108305    0.009421
239.333333    0.108800    0.009652
239.666667    0.110964    0.024342
240.000000    0.112231    0.013088
240.333333    0.114542    0.022418
240.666667    0.113080    0.024928
241.000000    0.118556    0.033373
241.333333    0.122190    0.039160
241.666667    0.124044    0.038164
242.000000    0.122294    0.035872
242.333333    0.104643    0.019943
242.666667    0.104555    0.000000
243.000000    0.104567    0.001132
243.333333    0.104786    0.000120
243.666667    0.105221    0.000705
244.000000    0.105384    0.000199
244.333333    0.105340    0.000347
244.666667    0.103930    0.002132
245.000000    0.104085    0.001630
245.333333    0.104025    0.000128
245.666667    0.106560    0.001706
246.000000    0.108700    0.006624
246.333333    0.109449    0.007692
246.666667    0.113040    0.018026
247.000000    0.120369    0.029121
247.333333    0.131847    0.046433
247.666667    0.130277    0.066718
248.000000    0.134577    0.064467
248.333333    0.120664    0.047350
248.666667    0.110529    0.027319
249.000000    0.123769    0.018400
249.333333    0.135932    0.040423
249.666667    0.143161    0.055560
250.000000    0.146668    0.066567
250.333333    0.121983    0.053491
250.666667    0.114550    0.019935
251.000000    0.109840    0.013801
251.333333    0.104368    0.007082
251.666667    0.107783    0.001518
252.000000    0.114240    0.008122
252.333333    0.121899    0.018739
252.666667    0.124845    0.033361
253.000000    0.131958    0.036585
253.333333    0.142763    0.043440
253.666667    0.147728    0.044042
254.000000    0.134533    0.061203
254.333333    0.147282    0.047772
254.666667    0.161382    0.063096
255.000000    0.145425    0.053766
255.333333    0.115196    0.022011
255.666667    0.116196    0.003706
256.000000    0.123422    0.008329
256.333333    0.130097    0.016814
256.666667    0.132951    0.021353
257.000000    0.137901    0.022601
257.333333    0.134106    0.023358
257.666667    0.116758    0.010334
258.000000    0.115519    0.000036
258.333333    0.115862    0.000470
258.666667    0.115822    0.000211
259.000000    0.115850    0.000347
259.333333    0.116149    0.000777
259.666667    0.115894    0.002714
260.000000    0.115682    0.001168
260.333333    0.115933    0.002064
260.666667    0.116105    0.001184
261.000000    0.116180    0.000132
261.333333    0.115886    0.000275
261.666667    0.116025    0.000147
262.000000    0.116220    0.000024
262.333333    0.116005    0.000000
262.666667    0.116256    0.000020
263.000000    0.115822    0.000000
263.333333    0.116077    0.000048
263.666667    0.115850    0.000000
264.000000    0.116077    0.000136
264.333333    0.116153    0.000430
264.666667    0.116021    0.002168
265.000000    0.115949    0.002001
265.333333    0.115901    0.001769
265.666667    0.116204    0.000036
266.000000    0.117468    0.000044
266.333333    0.119955    0.000020
266.666667    0.121640    0.000116
267.000000    0.121708    0.000000
267.333333    0.121561    0.000191
267.666667    0.119413    0.000000
268.000000    0.117268    0.000650
268.333333    0.116543    0.000016
268.666667    0.116352    0.000036
269.000000    0.116240    0.000000
269.333333    0.116467    0.000000
269.666667    0.117241    0.000363
270.000000    0.117663    0.000155
270.333333    0.117834    0.000000
270.666667    0.117882    0.000120
271.000000    0.117779    0.000155
271.333333    0.115746    0.009374
271.666667    0.115997    0.016188
272.000000    0.116571    0.018125
272.333333    0.116870    0.018472
272.666667    0.117272    0.013458
273.000000    0.117527    0.009250
273.333333    0.117810    0.009852
273.666667    0.117504    0.011510
274.000000    0.117460    0.009405
274.333333    0.117818    0.006990
274.666667    0.118779    0.011207
275.000000    0.119098    0.006317
275.333333    0.119261    0.004974
275.666667    0.119154    0.002280
276.000000    0.119421    0.001335
276.333333    0.119006    0.000733
276.666667    0.120289    0.002734
277.000000    0.120245    0.005089
277.333333    0.122330    0.005504
277.666667    0.125000    0.008234
278.000000    0.129998    0.016754
278.333333    0.133146    0.021182
278.666667    0.136346    0.019986
279.000000    0.139228    0.019899
279.333333    0.140730    0.025183
279.666667    0.141543    0.024697
280.000000    0.140359    0.025454
280.333333    0.137020    0.025717
280.666667    0.137044    0.049940
281.000000    0.136231    0.056911
281.333333    0.133788    0.049378
281.666667    0.127662    0.049641
282.000000    0.124857    0.035194
282.333333    0.125530    0.028089
282.666667    0.122123    0.014550
283.000000    0.112737    0.009441
283.333333    0.111896    0.004954
283.666667    0.108337    0.002495
284.000000    0.098071    0.008353
284.333333    0.092747    0.009497
284.666667    0.096971    0.018735
285.000000    0.105835    0.025100
285.333333    0.110446    0.012749
285.666667    0.107524    0.013327
286.000000    0.106986    0.027435
286.333333    0.107592    0.029476
286.666667    0.110804    0.021405
287.000000    0.109788    0.021254
287.333333    0.106504    0.004551
287.666667    0.104368    0.008600
288.000000    0.105775    0.015834
288.333333    0.102694    0.009991
288.666667    0.088136    0.006536
289.000000    0.081930    0.006133
289.333333    0.076865    0.000052
289.666667    0.078834    0.009469
290.000000    0.082002    0.007453
290.333333    0.082269    0.017986
290.666667    0.091145    0.014535
291.000000    0.102782    0.025367
291.333333    0.103750    0.018890
291.666667    0.093711    0.009724
292.000000    0.087757    0.008465
292.333333    0.083389    0.011964
292.666667    0.083708    0.021628
293.000000    0.093113    0.029316
293.333333    0.093380    0.019317
293.666667    0.084449    0.009840
294.000000    0.077180    0.002989
294.333333    0.076152    0.001622
294.666667    0.092169    0.007405
295.000000    0.095321    0.023613
295.333333    0.102072    0.029914
295.666667    0.099143    0.020859
296.000000    0.086665    0.003057
296.333333    0.078144    0.002630
296.666667    0.076124    0.000167
297.000000    0.082361    0.006683
297.333333    0.094030    0.022956
297.666667    0.093488    0.033612
298.000000    0.094660    0.038945
298.333333    0.096860    0.031317
298.666667    0.094819    0.029348
299.000000    0.096066    0.034326
299.333333    0.092233    0.062315
299.666667    0.090810    0.062040
300.000000    0.090925    0.039363
300.333333    0.103938    0.012944
300.666667    0.104575    0.030850
301.000000    0.106612    0.063522
301.333333    0.103053    0.048075
301.666667    0.100151    0.020935
302.000000    0.101160    0.008098
302.333333    0.106799    0.033162
302.666667    0.102001    0.036251
303.000000    0.103288    0.052850
303.333333    0.106763    0.046824
303.666667    0.109011    0.018137
304.000000    0.096007    0.025040
304.333333    0.086621    0.026901
304.666667    0.095445    0.025155
305.000000    0.094472    0.063335
305.333333    0.096995    0.058062
305.666667    0.102104    0.018747
306.000000    0.097876    0.012032
306.333333    0.099410    0.022174
306.666667    0.104065    0.006831
307.000000    0.104555    0.011007
307.333333    0.096987    0.012187
307.666667    0.088893    0.015415
308.000000    0.093396    0.015168
308.333333    0.102096    0.024040
308.666667    0.103423    0.012797
309.000000    0.097147    0.006161
309.333333    0.089849    0.013211
309.666667    0.086294    0.024649
310.000000    0.093492    0.022689
310.333333    0.095305    0.011661
310.666667    0.094074    0.009748
311.000000    0.089798    0.015670
311.333333    0.097629    0.026929
311.666667    0.096234    0.025693
312.000000    0.083393    0.005512
312.333333    0.073414    0.003292
312.666667    0.070086    0.000255
313.000000    0.070807    0.000000
313.333333    0.070357    0.000000
313.666667    0.069855    0.000143
314.000000    0.070046    0.000000
314.333333    0.070034    0.000000
314.666667    0.078627    0.012259
315.000000    0.092512    0.021158
315.333333    0.077339    0.015415
315.666667    0.070381    0.002714
316.000000    0.069010    0.000000
316.333333    0.067376    0.008425
316.666667    0.066184    0.002503
317.000000    0.066420    0.000570
317.333333    0.067563    0.002244
317.666667    0.070485    0.004583
318.000000    0.075112    0.008457
318.333333    0.076323    0.014204
318.666667    0.077072    0.022318
319.000000    0.077499    0.028455
319.333333    0.079153    0.034597
319.666667    0.080846    0.039798
320.000000    0.082353    0.033756
320.333333    0.083154    0.039435
320.666667    0.081950    0.043185
321.000000    0.071242    0.020489
321.333333    0.069512    0.007401
321.666667    0.069488    0.000964
322.000000    0.069584    0.001993
322.333333    0.069329    0.000522
322.666667    0.069393    0.000881
323.000000    0.069393    0.002965
323.333333    0.069528    0.002822
323.666667    0.069556    0.001451
324.000000    0.070206    0.002750
324.333333    0.070337    0.001869
324.666667    0.070166    0.002021
325.000000    0.070313    0.003296
325.333333    0.070528    0.005508
325.666667    0.070353    0.008170
326.000000    0.071421    0.009413
326.333333    0.072147    0.010541
326.666667    0.073621    0.013634
327.000000    0.074223    0.020022
327.333333    0.072748    0.022764
327.666667    0.074510    0.026586
328.000000    0.079715    0.038630
328.333333    0.076833    0.044743
328.666667    0.074510    0.056787
329.000000    0.074147    0.068859
329.333333    0.074805    0.058333
329.666667    0.075674    0.053659
330.000000    0.073378    0.026108
330.333333    0.070975    0.023633
330.666667    0.069038    0.028324
331.000000    0.068811    0.030253
331.333333    0.079938    0.037044
331.666667    0.088486    0.066778
332.000000    0.070253    0.059692
332.333333    0.072593    0.035677
332.666667    0.070831    0.011733
333.000000    0.069317    0.004499
333.333333    0.069285    0.000000
333.666667    0.069273    0.000000
334.000000    0.069002    0.000000
334.333333    0.069022    0.000000
334.666667    0.069114    0.000020
335.000000    0.069026    0.000000
335.333333    0.069253    0.000020
335.666667    0.069245    0.000088
336.000000    0.069134    0.000000
336.333333    0.069293    0.000000
336.666667    0.069564    0.000000
337.000000    0.069660    0.000000
337.333333    0.068014    0.000000
337.666667    0.067611    0.000000
338.000000    0.067524    0.000000
338.333333    0.067440    0.000000
338.666667    0.067089    0.000000
339.000000    0.065862    0.000255
339.333333    0.066376    0.000000
339.666667    0.067101    0.000000
340.000000    0.068245    0.000000
340.333333    0.068604    0.000024
340.666667    0.070756    0.000538
341.000000    0.070728    0.000000
341.333333    0.070744    0.000339
341.666667    0.070724    0.000833
342.000000    0.070819    0.000000
342.333333    0.070397    0.000000
342.666667    0.070202    0.000000
343.000000    0.070552    0.000000
343.333333    0.070552    0.000000
343.666667    0.070600    0.000000
344.000000    0.070218    0.000319
344.333333    0.070198    0.000000
344.666667    0.070122    0.000151
345.000000    0.070230    0.000171
345.333333    0.070170    0.000482
345.666667    0.070050    0.002674
346.000000    0.069959    0.000068
346.333333    0.069556    0.001933
346.666667    0.069763    0.012956
347.000000    0.069951    0.010143
347.333333    0.069994    0.009150
347.666667    0.069986    0.003396
348.000000    0.069831    0.001227
348.333333    0.069875    0.004424
348.666667    0.069847    0.003619
349.000000    0.069827    0.001331
349.333333    0.069915    0.000147
349.666667    0.069755    0.001044
350.000000    0.069731    0.000000
350.333333    0.069863    0.000000
350.666667    0.069851    0.000000
351.000000    0.069883    0.000000
351.333333    0.067157    0.000000
351.666667    0.066679    0.000000
352.000000    0.066639    0.000000
352.333333    0.066826    0.000000
352.666667    0.066993    0.000000
353.000000    0.077814    0.007058
353.333333    0.097900    0.015367
353.666667    0.103252    0.043564
354.000000    0.085254    0.052192
354.333333    0.074653    0.013259
354.666667    0.067392    0.005396
355.000000    0.066172    0.006269
355.333333    0.065324    0.003192
355.666667    0.065878    0.001734
356.000000    0.065949    0.009712
356.333333    0.065662    0.010270
356.666667    0.065786    0.009114
357.000000    0.065746    0.008026
357.333333    0.083800    0.024757
357.666667    0.093480    0.047589
358.000000    0.088187    0.060864
358.333333    0.078551    0.031022
358.666667    0.074542    0.020732
359.000000    0.073884    0.029025
359.333333    0.079065    0.032744
359.666667    0.095413    0.032066
360.000000    0.109868    0.056289
360.333333    0.132520    0.050474
360.666667    0.155257    0.132417
361.000000    0.185896    0.161542
361.333333    0.205532    0.162813
361.666667    0.189766    0.154747
362.000000    0.152025    0.108584
362.333333    0.102682    0.070680
362.666667    0.075765    0.063120
363.000000    0.082022    0.039937
363.333333    0.087713    0.063080
363.666667    0.091483    0.082744
364.000000    0.098446    0.095401
364.333333    0.103595    0.106934
364.666667    0.086621    0.077579
365.000000    0.085003    0.082939
365.333333    0.096162    0.103790
365.666667    0.103702    0.110131
366.000000    0.108066    0.128802
366.333333    0.117898    0.106982
366.666667    0.109035    0.083752
367.000000    0.086992    0.075399
367.333333    0.088371    0.057580
367.666667    0.103384    0.064782
368.000000    0.114080    0.087956
368.333333    0.132201    0.114216
368.666667    0.141260    0.133911
369.000000    0.142492    0.122131
369.333333    0.143974    0.146624
369.666667    0.153702    0.132142
370.000000    0.151243    0.138104
370.333333    0.154523    0.161247
370.666667    0.163044    0.151738
371.000000    0.142412    0.119556
371.333333    0.136996    0.076941
371.666667    0.139821    0.067009
372.000000    0.135808    0.098948
372.333333    0.143237    0.105316
372.666667    0.143101    0.099203
373.000000    0.124386    0.079201
373.333333    0.120676    0.062271
373.666667    0.126773    0.074470
374.000000    0.131759    0.068930
374.333333    0.133955    0.061781
374.666667    0.147828    0.067029
375.000000    0.157923    0.078144
375.333333    0.173139    0.112968
375.666667    0.179854    0.114104
376.000000    0.181042    0.115419
376.333333    0.210175    0.126766
376.666667    0.246409    0.164654
377.000000    0.273111    0.183003
377.333333    0.286290    0.200470
377.666667    0.288387    0.210067
378.000000    0.271003    0.183365
378.333333    0.240312    0.163518
378.666667    0.212649    0.134473
379.000000    0.214654    0.124761
379.333333    0.221616    0.128850
379.666667    0.215463    0.147190
380.000000    0.238231    0.158744
380.333333    0.261362    0.187335
380.666667    0.291157    0.213403
381.000000    0.313020    0.215882
381.333333    0.316587    0.194620
381.666667    0.312689    0.172948
382.000000    0.307616    0.173884
382.333333    0.280647    0.194743
