0.333333    0.175422    0.044652
0.666667    0.206536    0.011330
1.000000    0.222079    0.045803
1.333333    0.229675    0.082042
1.666667    0.218807    0.077567
2.000000    0.216539    0.054699
2.333333    0.219747    0.066129
2.666667    0.229113    0.079380
3.000000    0.225291    0.080528
3.333333    0.222147    0.024753
3.666667    0.217599    0.033959
4.000000    0.218596    0.024609
4.333333    0.217838    0.012287
4.666667    0.212215    0.014327
5.000000    0.212000    0.021413
5.333333    0.211868    0.011534
5.666667    0.212466    0.011625
6.000000    0.215531    0.014487
6.333333    0.233708    0.038917
6.666667    0.253969    0.060386
7.000000    0.266340    0.096166
7.333333    0.258568    0.068253
7.666667    0.254723    0.072051
8.000000    0.273613    0.108740
8.333333    0.277407    0.123274
8.666667    0.283357    0.156711
9.000000    0.290698    0.150753
9.333333    0.286163    0.118815
9.666667    0.275207    0.097370
10.000000    0.267575    0.087805
10.333333    0.261601    0.071740
10.666667    0.257357    0.076873
11.000000    0.256998    0.058082
11.333333    0.255595    0.058656
11.666667    0.255711    0.058325
12.000000    0.253567    0.033688
12.333333    0.250805    0.022250
12.666667    0.249514    0.011155
13.000000    0.248442    0.009525
13.333333    0.248757    0.006743
13.666667    0.250227    0.010214
14.000000    0.250084    0.007815
14.333333    0.249330    0.007341
14.666667    0.250430    0.000307
15.000000    0.251168    0.003503
15.333333    0.250992    0.006962
15.666667    0.252224    0.004224
16.000000    0.251821    0.009354
16.333333    0.247924    0.014339
16.666667    0.248721    0.016272
17.000000    0.251072    0.009967
17.333333    0.252738    0.008664
17.666667    0.252746    0.016531
18.000000    0.251088    0.020532
18.333333    0.249410    0.014909
18.666667    0.248868    0.008975
19.000000    0.248199    0.005205
19.333333    0.259860    0.009413
19.666667    0.272027    0.018018
20.000000    0.272354    0.025805
20.333333    0.263367    0.027905
20.666667    0.256743    0.032393
21.000000    0.253483    0.016228
21.333333    0.253559    0.005643
21.666667    0.254966    0.007018
22.000000    0.256584    0.009916
22.333333    0.255440    0.010868
22.666667    0.256317    0.010657
23.000000    0.250319    0.010274
23.333333    0.250741    0.008409
23.666667    0.260362    0.017452
24.000000    0.266866    0.031038
24.333333    0.270289    0.034684
24.666667    0.269094    0.034186
25.000000    0.266993    0.033270
25.333333    0.263574    0.032225
25.666667    0.259888    0.025052
26.000000    0.258214    0.017081
26.333333    0.264658    0.007217
26.666667    0.278802    0.035103
27.000000    0.292372    0.052634
27.333333    0.290248    0.059222
27.666667    0.303985    0.074127
28.000000    0.322669    0.100530
28.333333    0.342193    0.090766
28.666667    0.366109    0.155113
29.000000    0.384130    0.184904
29.333333    0.394715    0.197613
29.666667    0.398804    0.181460
30.000000    0.404567    0.218217
30.333333    0.412626    0.242587
30.666667    0.422920    0.280954
31.000000    0.426116    0.247916
31.333333    0.430890    0.231388
31.666667    0.431213    0.113303
32.000000    0.431966    0.170807
32.333333    0.435127    0.125945
32.666667    0.434716    0.070676
33.000000    0.434760    0.004667
33.333333    0.436107    0.000108
33.666667    0.436083    0.000737
34.000000    0.442153    0.003368
34.333333    0.462948    0.031747
34.666667    0.488040    0.077706
35.000000    0.508999    0.073677
35.333333    0.524717    0.080448
35.666667    0.529954    0.089411
36.000000    0.531540    0.085270
36.333333    0.530731    0.101407
36.666667    0.524801    0.092245
37.000000    0.520955    0.076921
37.333333    0.517850    0.037012
37.666667    0.515587    0.002296
38.000000    0.508481    0.000000
38.333333    0.508533    0.000000
38.666667    0.507604    0.000000
39.000000    0.507433    0.000000
39.333333    0.519014    0.007293
39.666667    0.551036    0.014267
40.000000    0.576889    0.021326
40.333333    0.593129    0.028176
40.666667    0.619935    0.001251
41.000000    0.632361    0.034182
41.333333    0.646648    0.045704
41.666667    0.647135    0.045417
42.000000    0.654870    0.017276
42.333333    0.663255    0.015116
42.666667    0.667376    0.022051
43.000000    0.675259    0.032329
43.333333    0.671963    0.040734
43.666667    0.666344    0.039072
44.000000    0.660621    0.042866
44.333333    0.662430    0.047334
44.666667    0.660210    0.054352
45.000000    0.658226    0.055583
45.333333    0.659146    0.041196
45.666667    0.658744    0.038415
46.000000    0.657229    0.053981
46.333333    0.656616    0.084848
46.666667    0.659027    0.080101
47.000000    0.661561    0.075375
47.333333    0.663945    0.072517
47.666667    0.664953    0.068173
48.000000    0.670871    0.045086
48.333333    0.671349    0.006400
48.666667    0.671919    0.001678
49.000000    0.672987    0.000956
49.333333    0.673872    0.003830
49.666667    0.676813    0.008740
50.000000    0.679149    0.002842
50.333333    0.680109    0.000167
50.666667    0.681385    0.001495
51.000000    0.682863    0.000893
51.333333    0.685306    0.001096
51.666667    0.686868    0.002674
52.000000    0.687733    0.001797
52.333333    0.687737    0.002375
52.666667    0.688275    0.000207
53.000000    0.681915    0.000721
53.333333    0.682154    0.000399
53.666667    0.683015    0.000136
54.000000    0.683361    0.000243
54.333333    0.689853    0.000000
54.666667    0.701132    0.000136
55.000000    0.706835    0.018751
55.333333    0.710533    0.015710
55.666667    0.713327    0.005348
56.000000    0.714084    0.019265
56.333333    0.713407    0.066519
56.666667    0.714140    0.043305
57.000000    0.714877    0.033521
57.333333    0.714782    0.019429
57.666667    0.714989    0.019393
58.000000    0.712402    0.020979
58.333333    0.713909    0.007632
58.666667    0.712641    0.028148
59.000000    0.713076    0.008062
59.333333    0.712857    0.005320
59.666667    0.713407    0.003240
60.000000    0.713861    0.003073
60.333333    0.711972    0.003631
60.666667    0.713052    0.018125
61.000000    0.714527    0.009760
61.333333    0.713969    0.032740
61.666667    0.714080    0.006369
62.000000    0.713506    0.015666
62.333333    0.714714    0.006903
62.666667    0.714367    0.035306
63.000000    0.714096    0.016631
63.333333    0.713993    0.019823
63.666667    0.712582    0.028918
64.000000    0.712761    0.001678
64.333333    0.712825    0.003045
64.666667    0.713112    0.005384
65.000000    0.712717    0.007827
65.333333    0.709142    0.032751
65.666667    0.710187    0.026467
66.000000    0.710944    0.027391
66.333333    0.711282    0.008082
66.666667    0.712693    0.006974
67.000000    0.709035    0.017256
67.333333    0.709971    0.038654
67.666667    0.710872    0.017587
68.000000    0.711159    0.017539
68.333333    0.710402    0.016188
68.666667    0.710980    0.013056
69.000000    0.708393    0.016176
69.333333    0.708640    0.004300
69.666667    0.708855    0.020305
70.000000    0.710187    0.026028
70.333333    0.710254    0.025414
70.666667    0.708493    0.041380
71.000000    0.709477    0.023924
71.333333    0.709393    0.019432
71.666667    0.710589    0.017926
72.000000    0.710418    0.009852
72.333333    0.707361    0.015838
72.666667    0.707377    0.019871
73.000000    0.708525    0.007568
73.333333    0.708549    0.009278
73.666667    0.708616    0.023816
74.000000    0.706070    0.028674
74.333333    0.706584    0.026235
74.666667    0.708361    0.016061
75.000000    0.708608    0.017440
75.333333    0.707999    0.023374
75.666667    0.708513    0.018344
76.000000    0.710808    0.028734
76.333333    0.709182    0.025984
76.666667    0.707648    0.024661
77.000000    0.708955    0.022119
77.333333    0.706552    0.034457
77.666667    0.705006    0.031911
78.000000    0.706241    0.029073
78.333333    0.706560    0.024462
78.666667    0.706177    0.026231
79.000000    0.709700    0.043831
79.333333    0.710760    0.032879
79.666667    0.711470    0.030878
80.000000    0.711462    0.019154
80.333333    0.710832    0.011243
80.666667    0.708895    0.017659
81.000000    0.709497    0.013889
81.333333    0.710549    0.019038
81.666667    0.710254    0.018416
82.000000    0.710274    0.030372
82.333333    0.705954    0.052909
82.666667    0.705942    0.041571
83.000000    0.706966    0.033369
83.333333    0.707389    0.038737
83.666667    0.706903    0.040340
84.000000    0.704236    0.050578
84.333333    0.705707    0.029053
84.666667    0.705396    0.027762
85.000000    0.706572    0.029687
85.333333    0.706907    0.033560
85.666667    0.706560    0.024390
86.000000    0.707062    0.022876
86.333333    0.706452    0.023888
86.666667    0.707819    0.033126
87.000000    0.709457    0.020732
87.333333    0.705623    0.024669
87.666667    0.705575    0.029097
88.000000    0.705368    0.027738
88.333333    0.704854    0.019094
88.666667    0.705950    0.015045
89.000000    0.702112    0.024538
89.333333    0.703563    0.015260
89.666667    0.704563    0.005599
90.000000    0.705452    0.004774
90.333333    0.706010    0.001518
90.666667    0.701937    0.018054
91.000000    0.705484    0.019664
91.333333    0.705404    0.026642
91.666667    0.706488    0.021868
92.000000    0.707409    0.020604
92.333333    0.704484    0.020074
92.666667    0.705595    0.020457
93.000000    0.707090    0.025542
93.333333    0.708086    0.007624
93.666667    0.708700    0.009501
94.000000    0.707118    0.016081
94.333333    0.708090    0.008632
94.666667    0.708636    0.003312
95.000000    0.710270    0.003603
95.333333    0.712729    0.013104
95.666667    0.710633    0.080926
96.000000    0.715192    0.083859
96.333333    0.718835    0.105221
96.666667    0.721971    0.198131
97.000000    0.726020    0.215467
97.333333    0.726977    0.186777
97.666667    0.730552    0.224809
98.000000    0.735298    0.402853
98.333333    0.743117    0.189825
98.666667    0.747975    0.026542
99.000000    0.756229    0.329691
99.333333    0.758883    0.155432
99.666667    0.764594    0.283700
100.000000    0.767245    0.219632
100.333333    0.769580    0.254739
100.666667    0.771788    0.068066
101.000000    0.777718    0.372832
101.333333    0.776610    0.493898
101.666667    0.755444    0.508070
102.000000    0.747764    0.452718
102.333333    0.741428    0.278591
102.666667    0.750630    0.508760
103.000000    0.753722    0.474578
103.333333    0.734059    0.306125
103.666667    0.714578    0.381245
104.000000    0.692966    0.353132
104.333333    0.690499    0.135469
104.666667    0.706221    0.112191
105.000000    0.726546    0.189192
105.333333    0.743181    0.154691
105.666667    0.744480    0.381054
106.000000    0.724386    0.168285
106.333333    0.694285    0.389172
106.666667    0.675191    0.159473
107.000000    0.677893    0.366555
107.333333    0.662825    0.186087
107.666667    0.668516    0.391001
108.000000    0.653607    0.420716
108.333333    0.664016    0.406137
108.666667    0.661111    0.395628
109.000000    0.649733    0.378001
109.333333    0.616742    0.317452
109.666667    0.588020    0.251989
110.000000    0.590770    0.315252
110.333333    0.611789    0.206584
110.666667    0.623665    0.355631
111.000000    0.661542    0.333720
111.333333    0.659609    0.340172
111.666667    0.647493    0.226112
112.000000    0.668835    0.211908
112.333333    0.685190    0.311514
112.666667    0.678938    0.234872
113.000000    0.658070    0.255767
113.333333    0.633110    0.349813
113.666667    0.604328    0.363391
114.000000    0.603766    0.357317
114.333333    0.583720    0.296373
114.666667    0.611657    0.352730
115.000000    0.623657    0.416137
115.333333    0.635067    0.414471
115.666667    0.562713    0.405304
116.000000    0.517233    0.279137
116.333333    0.486179    0.376076
116.666667    0.452351    0.398286
117.000000    0.392890    0.396612
117.333333    0.343875    0.256221
117.666667    0.339275    0.224872
118.000000    0.335852    0.187510
118.333333    0.362099    0.260019
118.666667    0.382042    0.318484
119.000000    0.362582    0.323294
119.333333    0.332636    0.304922
119.666667    0.310964    0.265053
120.000000    0.287406    0.275725
120.333333    0.319365    0.204352
120.666667    0.320365    0.250418
121.000000    0.315180    0.279519
121.333333    0.300921    0.170018
121.666667    0.279201    0.203300
122.000000    0.267970    0.160222
122.333333    0.274191    0.179942
122.666667    0.287450    0.224259
123.000000    0.297071    0.192324
123.333333    0.268329    0.203878
123.666667    0.241726    0.163722
124.000000    0.232504    0.141962
124.333333    0.253607    0.151160
124.666667    0.253850    0.180165
125.000000    0.271557    0.178579
125.333333    0.275084    0.218089
125.666667    0.274271    0.273753
126.000000    0.297780    0.301893
126.333333    0.309549    0.362008
126.666667    0.324964    0.190790
127.000000    0.423250    0.292571
127.333333    0.492193    0.231735
127.666667    0.542731    0.406791
128.000000    0.463498    0.332839
128.333333    0.360788    0.354675
128.666667    0.308584    0.282807
129.000000    0.269851    0.240830
129.333333    0.242524    0.205376
129.666667    0.226841    0.169931
130.000000    0.212829    0.175913
130.333333    0.199322    0.136151
130.666667    0.191416    0.097700
131.000000    0.177877    0.070624
131.333333    0.166974    0.056006
131.666667    0.163100    0.041129
132.000000    0.163582    0.048007
132.333333    0.160123    0.037753
132.666667    0.161633    0.032819
133.000000    0.161079    0.038391
133.333333    0.158919    0.034461
133.666667    0.179464    0.043635
134.000000    0.293488    0.095198
134.333333    0.280540    0.180731
134.666667    0.312729    0.172433
135.000000    0.353686    0.260378
135.333333    0.388462    0.293906
135.666667    0.399578    0.303328
136.000000    0.332253    0.240037
136.333333    0.262729    0.210414
136.666667    0.241918    0.142081
137.000000    0.217914    0.120433
137.333333    0.196740    0.102387
137.666667    0.190104    0.090981
138.000000    0.188439    0.055392
138.333333    0.174725    0.021381
138.666667    0.171848    0.010944
139.000000    0.167731    0.010462
139.333333    0.169217    0.014216
139.666667    0.169456    0.010709
140.000000    0.169094    0.004464
140.333333    0.188821    0.011446
140.666667    0.247963    0.055408
141.000000    0.328718    0.098777
141.333333    0.402375    0.104495
141.666667    0.468285    0.097429
142.000000    0.540794    0.182142
142.333333    0.569046    0.261813
142.666667    0.582919    0.259760
143.000000    0.534852    0.267567
143.333333    0.474486    0.236163
143.666667    0.299936    0.207668
144.000000    0.288207    0.146585
144.333333    0.292452    0.189726
144.666667    0.263331    0.169871
145.000000    0.234449    0.161868
145.333333    0.204372    0.134206
145.666667    0.191463    0.096190
146.000000    0.183485    0.084939
146.333333    0.174362    0.062653
146.666667    0.170791    0.052977
147.000000    0.165901    0.022254
147.333333    0.161988    0.019759
147.666667    0.162757    0.022103
148.000000    0.163630    0.010210
148.333333    0.163706    0.017308
148.666667    0.163295    0.017476
149.000000    0.162622    0.024370
149.333333    0.163299    0.029025
149.666667    0.163630    0.019843
150.000000    0.163299    0.021632
150.333333    0.163116    0.022912
150.666667    0.163203    0.015830
151.000000    0.162976    0.023868
151.333333    0.163538    0.010705
151.666667    0.199271    0.053176
152.000000    0.246047    0.103694
152.333333    0.259007    0.151391
152.666667    0.244421    0.140905
153.000000    0.216515    0.116436
153.333333    0.209983    0.125048
153.666667    0.208206    0.106683
154.000000    0.199861    0.112881
154.333333    0.192611    0.124605
154.666667    0.203292    0.115710
155.000000    0.189335    0.127116
155.333333    0.178607    0.097712
155.666667    0.169684    0.072768
156.000000    0.169385    0.059999
156.333333    0.165702    0.067340
156.666667    0.163877    0.047529
157.000000    0.172346    0.045010
157.333333    0.172123    0.047210
157.666667    0.167775    0.035394
158.000000    0.165192    0.019448
158.333333    0.164264    0.013829
158.666667    0.162315    0.020556
159.000000    0.159441    0.001809
159.333333    0.210952    0.007126
159.666667    0.255994    0.091830
160.000000    0.220668    0.119273
160.333333    0.195473    0.093811
160.666667    0.179332    0.069512
161.000000    0.178910    0.052826
161.333333    0.170098    0.047541
161.666667    0.159493    0.020238
162.000000    0.157995    0.003810
162.333333    0.155173    0.001873
162.666667    0.197135    0.016503
163.000000    0.198780    0.074095
163.333333    0.184087    0.086247
163.666667    0.168962    0.104539
164.000000    0.173254    0.109027
164.333333    0.172055    0.066667
164.666667    0.166655    0.079480
165.000000    0.160131    0.022210
165.333333    0.165447    0.007341
165.666667    0.175550    0.033545
166.000000    0.171844    0.041081
166.333333    0.168910    0.033413
166.666667    0.167567    0.025929
167.000000    0.167009    0.023346
167.333333    0.162968    0.005181
167.666667    0.187622    0.017647
168.000000    0.245345    0.073796
168.333333    0.247696    0.154165
168.666667    0.227722    0.130687
169.000000    0.204089    0.110242
169.333333    0.186458    0.067651
169.666667    0.181133    0.092739
170.000000    0.179731    0.068472
170.333333    0.175191    0.065324
170.666667    0.162769    0.040810
171.000000    0.157078    0.021214
171.333333    0.157090    0.001586
171.666667    0.157847    0.000000
172.000000    0.157955    0.000000
172.333333    0.156249    0.000000
172.666667    0.156568    0.000000
173.000000    0.156986    0.000000
173.333333    0.157022    0.000000
173.666667    0.157174    0.001208
174.000000    0.156843    0.000805
174.333333    0.157118    0.000187
174.666667    0.157110    0.000036
175.000000    0.157500    0.000000
175.333333    0.172445    0.006209
175.666667    0.204456    0.060876
176.000000    0.205846    0.088718
176.333333    0.239913    0.040674
176.666667    0.292464    0.194169
177.000000    0.297593    0.133513
177.333333    0.290320    0.218269
177.666667    0.257963    0.216248
178.000000    0.228252    0.182955
178.333333    0.206157    0.149932
178.666667    0.212167    0.108090
179.000000    0.238211    0.134597
179.333333    0.242041    0.130141
179.666667    0.223625    0.107728
180.000000    0.206117    0.069620
180.333333    0.201905    0.074067
180.666667    0.196856    0.062893
181.000000    0.196314    0.059334
181.333333    0.192368    0.057476
181.666667    0.189475    0.056572
182.000000    0.187697    0.044229
182.333333    0.185804    0.014702
182.666667    0.218835    0.028216
183.000000    0.220078    0.065057
183.333333    0.222840    0.085533
183.666667    0.224040    0.094823
184.000000    0.226339    0.110123
184.333333    0.224629    0.104432
184.666667    0.218600    0.109366
185.000000    0.216188    0.115555
185.333333    0.211298    0.112235
185.666667    0.206771    0.097115
186.000000    0.203184    0.088965
186.333333    0.199793    0.076726
186.666667    0.198502    0.070389
187.000000    0.198258    0.051746
187.333333    0.198832    0.010414
187.666667    0.200036    0.010202
188.000000    0.200116    0.011015
188.333333    0.200379    0.009142
188.666667    0.200080    0.010398
189.000000    0.198446    0.014602
189.333333    0.198984    0.016368
189.666667    0.199111    0.016782
190.000000    0.199183    0.011370
190.333333    0.199661    0.011506
190.666667    0.198147    0.008282
191.000000    0.201327    0.006098
191.333333    0.201383    0.013861
191.666667    0.200885    0.004751
192.000000    0.200921    0.012578
192.333333    0.201973    0.015216
192.666667    0.217524    0.038650
193.000000    0.219074    0.038865
193.333333    0.218034    0.058214
193.666667    0.216165    0.048119
194.000000    0.212853    0.051957
194.333333    0.212614    0.050901
194.666667    0.212143    0.051004
195.000000    0.211920    0.044134
195.333333    0.211773    0.043364
195.666667    0.209035    0.045178
196.000000    0.210537    0.018655
196.333333    0.211111    0.006564
196.666667    0.226136    0.012502
197.000000    0.263594    0.049809
197.333333    0.317555    0.049777
197.666667    0.355886    0.087486
198.000000    0.396023    0.125076
198.333333    0.435354    0.123358
198.666667    0.463749    0.097561
199.000000    0.509864    0.104376
199.333333    0.542818    0.164570
199.666667    0.575351    0.094879
200.000000    0.638825    0.101124
200.333333    0.666260    0.107369
200.666667    0.684728    0.211175
201.000000    0.700960    0.183501
201.333333    0.719596    0.230504
201.666667    0.717655    0.135031
202.000000    0.729320    0.205691
202.333333    0.752256    0.125036
202.666667    0.765184    0.139833
203.000000    0.771712    0.206237
203.333333    0.780285    0.136394
203.666667    0.787426    0.122067
204.000000    0.794903    0.077965
204.333333    0.794572    0.068994
204.666667    0.785685    0.045999
205.000000    0.768596    0.080376
205.333333    0.748302    0.082401
205.666667    0.750614    0.098346
206.000000    0.755715    0.110788
206.333333    0.746875    0.096585
206.666667    0.747657    0.124458
207.000000    0.745425    0.140025
207.333333    0.744998    0.074259
207.666667    0.746883    0.115886
208.000000    0.746844    0.093046
208.333333    0.747844    0.039977
208.666667    0.751004    0.010529
209.000000    0.752415    0.028798
209.333333    0.755520    0.020744
209.666667    0.756293    0.023569
210.000000    0.757194    0.023266
210.333333    0.755213    0.026483
210.666667    0.748135    0.036083
211.000000    0.747732    0.032042
211.333333    0.745847    0.028579
211.666667    0.744329    0.034079
212.000000    0.742117    0.042205
212.333333    0.737526    0.038526
212.666667    0.737319    0.025518
213.000000    0.734896    0.038080
213.333333    0.731875    0.031317
213.666667    0.731588    0.007975
214.000000    0.724681    0.021059
214.333333    0.725650    0.026530
214.666667    0.726487    0.014100
215.000000    0.725781    0.016531
215.333333    0.726586    0.015531
215.666667    0.723266    0.016942
216.000000    0.724267    0.022940
216.333333    0.724295    0.026766
216.666667    0.723422    0.014945
217.000000    0.726084    0.014443
217.333333    0.727527    0.024131
217.666667    0.728619    0.023171
218.000000    0.727563    0.014527
218.333333    0.727339    0.012936
218.666667    0.728109    0.009533
219.000000    0.728360    0.007341
219.333333    0.727929    0.007038
219.666667    0.726375    0.008126
220.000000    0.725458    0.009397
220.333333    0.726076    0.005787
220.666667    0.724785    0.009521
221.000000    0.725821    0.006640
221.333333    0.725534    0.012370
221.666667    0.724546    0.014578
222.000000    0.725582    0.020983
222.333333    0.719532    0.025442
222.666667    0.721035    0.031456
223.000000    0.721589    0.031923
223.333333    0.721258    0.032297
223.666667    0.721529    0.033971
224.000000    0.724239    0.036992
224.333333    0.724522    0.025064
224.666667    0.724550    0.034509
225.000000    0.725391    0.027973
225.333333    0.726929    0.028388
225.666667    0.724442    0.030918
226.000000    0.725323    0.016396
226.333333    0.724697    0.012247
226.666667    0.723804    0.015587
227.000000    0.724374    0.008875
227.333333    0.723494    0.013869
227.666667    0.724418    0.006895
228.000000    0.723884    0.001498
228.333333    0.724920    0.000885
228.666667    0.725112    0.000080
229.000000    0.731652    0.000506
229.333333    0.732712    0.000590
229.666667    0.733788    0.000179
230.000000    0.733700    0.000945
230.333333    0.734441    0.000510
230.666667    0.735187    0.000813
231.000000    0.735087    0.004715
231.333333    0.734939    0.005512
231.666667    0.734656    0.005655
232.000000    0.735147    0.012793
232.333333    0.733214    0.022936
232.666667    0.734441    0.010406
233.000000    0.734991    0.006309
233.333333    0.736645    0.002371
233.666667    0.736621    0.002304
234.000000    0.733441    0.004731
234.333333    0.734091    0.001502
234.666667    0.733668    0.004173
235.000000    0.733513    0.008381
235.333333    0.734517    0.002559
235.666667    0.732389    0.011067
236.000000    0.733050    0.010187
236.333333    0.734720    0.007787
236.666667    0.735681    0.010529
237.000000    0.735908    0.009525
237.333333    0.735210    0.014817
237.666667    0.734979    0.014475
238.000000    0.732724    0.042842
238.333333    0.733134    0.007720
238.666667    0.733995    0.013781
239.000000    0.735617    0.015140
239.333333    0.735932    0.010322
239.666667    0.735788    0.051152
240.000000    0.735438    0.017771
240.333333    0.735422    0.013853
240.666667    0.736107    0.003926
241.000000    0.736972    0.007241
241.333333    0.735214    0.020385
241.666667    0.735035    0.007747
242.000000    0.735545    0.005408
242.333333    0.735796    0.006153
242.666667    0.736107    0.006731
243.000000    0.735163    0.009987
243.333333    0.736789    0.006556
243.666667    0.737171    0.004687
244.000000    0.738518    0.006735
244.333333    0.738219    0.003029
244.666667    0.734852    0.016336
245.000000    0.734585    0.032847
245.333333    0.734748    0.018520
245.666667    0.734808    0.019177
246.000000    0.736522    0.018066
246.333333    0.735733    0.015762
246.666667    0.732245    0.047338
247.000000    0.729707    0.054583
247.333333    0.726610    0.033899
247.666667    0.726518    0.047999
248.000000    0.722501    0.058054
248.333333    0.718687    0.060095
248.666667    0.715802    0.044161
249.000000    0.716774    0.049590
249.333333    0.717583    0.063203
249.666667    0.717555    0.086494
250.000000    0.717822    0.070588
250.333333    0.719345    0.062908
250.666667    0.719341    0.003204
251.000000    0.719955    0.006544
251.333333    0.715806    0.015571
251.666667    0.716388    0.025968
252.000000    0.719277    0.013582
252.333333    0.721389    0.005787
252.666667    0.722756    0.001530
253.000000    0.721274    0.003101
253.333333    0.720967    0.000008
253.666667    0.720489    0.000000
254.000000    0.725044    0.000000
254.333333    0.728599    0.002901
254.666667    0.741240    0.002925
255.000000    0.742587    0.000984
255.333333    0.743026    0.000000
255.666667    0.743520    0.000753
256.000000    0.743771    0.005045
256.333333    0.743129    0.004515
256.666667    0.744018    0.005512
257.000000    0.743735    0.001734
257.333333    0.742930    0.006584
257.666667    0.742938    0.007843
258.000000    0.740363    0.012881
258.333333    0.742245    0.022425
258.666667    0.743512    0.021800
259.000000    0.742683    0.026311
259.333333    0.741898    0.015734
259.666667    0.740455    0.012056
260.000000    0.741794    0.011314
260.333333    0.744464    0.021441
260.666667    0.744855    0.034696
261.000000    0.745102    0.014937
261.333333    0.742041    0.018022
261.666667    0.742073    0.010537
262.000000    0.742547    0.007855
262.333333    0.742492    0.018863
262.666667    0.742504    0.012040
263.000000    0.744357    0.020194
263.333333    0.745676    0.027064
263.666667    0.746146    0.029209
264.000000    0.746174    0.023804
264.333333    0.745895    0.022234
264.666667    0.744576    0.022637
265.000000    0.744664    0.020947
265.333333    0.744245    0.019480
265.666667    0.741619    0.024494
266.000000    0.745684    0.020186
266.333333    0.745544    0.006875
266.666667    0.745923    0.006129
267.000000    0.745461    0.007102
267.333333    0.744998    0.005747
267.666667    0.745608    0.002399
268.000000    0.745289    0.013550
268.333333    0.743914    0.013088
268.666667    0.743711    0.008166
269.000000    0.744460    0.011203
269.333333    0.745604    0.009621
269.666667    0.744959    0.005193
270.000000    0.744743    0.003846
270.333333    0.744692    0.003427
270.666667    0.743883    0.008218
271.000000    0.745218    0.009645
271.333333    0.740611    0.020835
271.666667    0.742241    0.035350
272.000000    0.742707    0.030536
272.333333    0.742695    0.028495
272.666667    0.742715    0.022820
273.000000    0.743408    0.024526
273.333333    0.744755    0.015814
273.666667    0.743703    0.020245
274.000000    0.742918    0.017587
274.333333    0.742822    0.013594
274.666667    0.741388    0.027618
275.000000    0.742938    0.016248
275.333333    0.744289    0.013522
275.666667    0.744444    0.071872
276.000000    0.745516    0.086474
276.333333    0.745704    0.172178
276.666667    0.750239    0.196557
277.000000    0.753200    0.197390
277.333333    0.755253    0.142213
277.666667    0.760019    0.185322
278.000000    0.759971    0.255380
278.333333    0.764116    0.156121
278.666667    0.766834    0.051997
279.000000    0.769146    0.043548
279.333333    0.771493    0.054045
279.666667    0.776303    0.140084
280.000000    0.780723    0.296728
280.333333    0.782843    0.391328
280.666667    0.789000    0.174880
281.000000    0.794711    0.110577
281.333333    0.798306    0.361944
281.666667    0.790702    0.479236
282.000000    0.775709    0.475825
282.333333    0.774287    0.519098
282.666667    0.781596    0.607708
283.000000    0.767121    0.543476
283.333333    0.752726    0.435573
283.666667    0.733808    0.387813
284.000000    0.707628    0.354224
284.333333    0.681006    0.354751
284.666667    0.674554    0.374645
285.000000    0.684613    0.405795
285.333333    0.691894    0.456269
285.666667    0.712765    0.442181
286.000000    0.717719    0.391655
286.333333    0.676602    0.456675
286.666667    0.682684    0.453778
287.000000    0.687685    0.482102
287.333333    0.689574    0.335992
287.666667    0.692221    0.490491
288.000000    0.670927    0.507811
288.333333    0.673430    0.550399
288.666667    0.662518    0.572410
289.000000    0.662813    0.529850
289.333333    0.664351    0.446019
289.666667    0.643663    0.402734
290.000000    0.635007    0.301311
290.333333    0.620421    0.466491
290.666667    0.587944    0.469787
291.000000    0.587159    0.478810
291.333333    0.601371    0.457201
291.666667    0.637151    0.484760
292.000000    0.584258    0.418356
292.333333    0.558381    0.396680
292.666667    0.526060    0.460430
293.000000    0.497856    0.446377
293.333333    0.496166    0.410047
293.666667    0.449207    0.416208
294.000000    0.379842    0.329918
294.333333    0.358094    0.292882
294.666667    0.413837    0.190204
295.000000    0.467858    0.324466
295.333333    0.480420    0.340738
295.666667    0.466025    0.386884
296.000000    0.445150    0.349777
296.333333    0.416212    0.392153
296.666667    0.424418    0.358553
297.000000    0.416726    0.285183
297.333333    0.431707    0.379484
297.666667    0.450813    0.336852
298.000000    0.469771    0.315730
298.333333    0.529448    0.240196
298.666667    0.555396    0.323581
299.000000    0.565897    0.285972
299.333333    0.552375    0.265878
299.666667    0.520325    0.226797
300.000000    0.478148    0.293233
300.333333    0.495281    0.207616
300.666667    0.550291    0.323286
301.000000    0.621569    0.266499
301.333333    0.658142    0.369943
301.666667    0.691539    0.176518
302.000000    0.726391    0.412056
302.333333    0.718006    0.305683
302.666667    0.672414    0.411522
303.000000    0.650634    0.384142
303.333333    0.637837    0.415344
303.666667    0.649119    0.452411
304.000000    0.614204    0.365148
304.333333    0.542663    0.376522
304.666667    0.470919    0.343034
305.000000    0.450805    0.315650
305.333333    0.438733    0.332560
305.666667    0.437024    0.169684
306.000000    0.439156    0.138140
306.333333    0.484067    0.271628
306.666667    0.503985    0.249374
307.000000    0.524119    0.242922
307.333333    0.546166    0.364762
307.666667    0.544859    0.350681
308.000000    0.516531    0.295222
308.333333    0.447270    0.270524
308.666667    0.413064    0.272908
309.000000    0.400383    0.229133
309.333333    0.449984    0.252590
309.666667    0.458652    0.235103
310.000000    0.410561    0.286705
310.333333    0.419787    0.275171
310.666667    0.441842    0.326112
311.000000    0.445600    0.270098
311.333333    0.451881    0.264550
311.666667    0.418954    0.251347
312.000000    0.347493    0.191153
312.333333    0.322330    0.208557
312.666667    0.348537    0.215073
313.000000    0.363168    0.181217
313.333333    0.369405    0.254603
313.666667    0.378479    0.198597
314.000000    0.398585    0.248589
314.333333    0.416304    0.227630
314.666667    0.489315    0.136474
315.000000    0.543141    0.349872
315.333333    0.510609    0.345174
315.666667    0.434114    0.382118
316.000000    0.369971    0.296585
316.333333    0.321134    0.254248
316.666667    0.303663    0.245716
317.000000    0.260804    0.241220
317.333333    0.230902    0.230157
317.666667    0.210864    0.156408
318.000000    0.202614    0.133054
318.333333    0.196577    0.115248
318.666667    0.185780    0.082002
319.000000    0.175678    0.045959
319.333333    0.168568    0.018743
319.666667    0.164060    0.026311
320.000000    0.164008    0.011095
320.333333    0.163351    0.005564
320.666667    0.163570    0.011195
321.000000    0.163215    0.003535
321.333333    0.161621    0.013546
321.666667    0.161498    0.007839
322.000000    0.162123    0.005775
322.333333    0.161251    0.029495
322.666667    0.161561    0.001319
323.000000    0.161155    0.014670
323.333333    0.161342    0.002794
323.666667    0.161159    0.003033
324.000000    0.160438    0.002531
324.333333    0.160250    0.001654
324.666667    0.160374    0.002467
325.000000    0.159501    0.001160
325.333333    0.159338    0.000391
325.666667    0.159035    0.001598
326.000000    0.158919    0.000000
326.333333    0.158839    0.000219
326.666667    0.158704    0.000000
327.000000    0.158728    0.000000
327.333333    0.157656    0.000000
327.666667    0.157540    0.000542
328.000000    0.173960    0.006839
328.333333    0.207377    0.044935
328.666667    0.198505    0.051375
329.000000    0.246158    0.084318
329.333333    0.247374    0.152778
329.666667    0.228587    0.101893
330.000000    0.204531    0.135980
330.333333    0.188638    0.108457
330.666667    0.177491    0.076634
331.000000    0.172406    0.041041
331.333333    0.170078    0.033497
331.666667    0.207333    0.050566
332.000000    0.225414    0.117460
332.333333    0.240770    0.129340
332.666667    0.218552    0.164857
333.000000    0.202048    0.130010
333.333333    0.187135    0.121027
333.666667    0.184091    0.102244
334.000000    0.173816    0.090854
334.333333    0.167448    0.061474
334.666667    0.163088    0.031783
335.000000    0.167476    0.031038
335.333333    0.175841    0.038044
335.666667    0.170716    0.034947
336.000000    0.165555    0.030568
336.333333    0.162506    0.030484
336.666667    0.169142    0.018293
337.000000    0.236354    0.058835
337.333333    0.281468    0.092205
337.666667    0.335772    0.152857
338.000000    0.376558    0.209322
338.333333    0.380010    0.235242
338.666667    0.409071    0.285780
339.000000    0.341440    0.264260
339.333333    0.254727    0.167747
339.666667    0.220194    0.176120
340.000000    0.198175    0.096832
340.333333    0.180520    0.084804
340.666667    0.175391    0.075964
341.000000    0.176825    0.061805
341.333333    0.162311    0.017009
341.666667    0.156213    0.007879
342.000000    0.155839    0.003627
342.333333    0.153686    0.000104
342.666667    0.153934    0.000000
343.000000    0.153734    0.000000
343.333333    0.154001    0.000000
343.666667    0.154117    0.000000
344.000000    0.153818    0.000000
344.333333    0.153953    0.000000
344.666667    0.154161    0.000000
345.000000    0.154113    0.000000
345.333333    0.154212    0.000000
345.666667    0.153519    0.000000
346.000000    0.153742    0.000000
346.333333    0.154491    0.000606
346.666667    0.154141    0.008847
347.000000    0.154288    0.017898
347.333333    0.154559    0.015961
347.666667    0.154747    0.005464
348.000000    0.154487    0.003519
348.333333    0.154611    0.001164
348.666667    0.154651    0.000618
349.000000    0.154511    0.000048
349.333333    0.154579    0.000044
349.666667    0.153854    0.000000
350.000000    0.153830    0.000000
350.333333    0.153989    0.000000
350.666667    0.154153    0.000000
351.000000    0.196712    0.000438
351.333333    0.222880    0.046082
351.666667    0.231353    0.070465
352.000000    0.220158    0.108680
352.333333    0.207564    0.093592
352.666667    0.198553    0.078726
353.000000    0.195445    0.069201
353.333333    0.253846    0.092241
353.666667    0.317101    0.128144
354.000000    0.312785    0.115387
354.333333    0.294883    0.112450
354.666667    0.284872    0.107688
355.000000    0.274398    0.098258
355.333333    0.256448    0.046561
355.666667    0.243305    0.002838
356.000000    0.257632    0.061661
356.333333    0.278025    0.107465
356.666667    0.273605    0.124797
357.000000    0.260752    0.090874
357.333333    0.267531    0.077822
357.666667    0.295413    0.110760
358.000000    0.323282    0.189056
358.333333    0.309955    0.195134
358.666667    0.294197    0.185346
359.000000    0.284967    0.159752
359.333333    0.274861    0.132660
359.666667    0.271294    0.047059
360.000000    0.300598    0.033106
360.333333    0.306225    0.052395
360.666667    0.322322    0.060525
361.000000    0.327535    0.079571
361.333333    0.320309    0.083018
361.666667    0.337167    0.105069
362.000000    0.345931    0.097681
362.333333    0.354017    0.128977
362.666667    0.368839    0.094114
363.000000    0.373111    0.187283
363.333333    0.378559    0.258983
363.666667    0.381229    0.185155
364.000000    0.387542    0.173693
364.333333    0.395086    0.255870
364.666667    0.400877    0.186832
365.000000    0.407265    0.190977
365.333333    0.412781    0.202164
365.666667    0.417902    0.201813
366.000000    0.439471    0.202084
366.333333    0.462665    0.160015
366.666667    0.480691    0.220676
367.000000    0.503296    0.191348
367.333333    0.545170    0.082205
367.666667    0.558222    0.112594
368.000000    0.574562    0.092858
368.333333    0.576773    0.078651
368.666667    0.593811    0.003941
369.000000    0.619747    0.042524
369.333333    0.638331    0.026120
369.666667    0.652634    0.063741
370.000000    0.663666    0.066794
370.333333    0.666260    0.088415
370.666667    0.674227    0.028894
371.000000    0.676538    0.051231
371.333333    0.675813    0.065607
371.666667    0.674661    0.017209
372.000000    0.660936    0.009792
372.333333    0.640917    0.048653
372.666667    0.627539    0.065021
373.000000    0.629850    0.102343
373.333333    0.628372    0.069090
373.666667    0.631663    0.086996
374.000000    0.635326    0.059130
374.333333    0.637841    0.053563
374.666667    0.637761    0.067551
375.000000    0.632839    0.053049
375.333333    0.624693    0.033042
375.666667    0.612518    0.027993
376.000000    0.599123    0.033835
376.333333    0.597123    0.018153
376.666667    0.597469    0.007237
377.000000    0.589722    0.003698
377.333333    0.590124    0.003619
377.666667    0.592575    0.003587
378.000000    0.593823    0.005006
378.333333    0.595784    0.003774
378.666667    0.597398    0.003866
379.000000    0.596804    0.005520
379.333333    0.597210    0.004639
379.666667    0.594413    0.001626
380.000000    0.595377    0.001387
380.333333    0.594205    0.004464
380.666667    0.592846    0.005400
381.000000    0.595927    0.001395
381.333333    0.597928    0.002734
381.666667    0.597999    0.003766
382.000000    0.597960    0.003746
382.333333    0.597792    0.006883
