0.0564443
0.0658935
0.0541647
0.0937948
0.0882632
0.0683126
0.0602144
0.0858321
0.113199
0.0897776
0.0886498
0.0774032
0.0513949
0.0470867
0.0428025
0.0434919
0.0495417
0.0427666
0.0631875
0.107807
0.141017
0.121445
0.0865096
0.133158
0.143456
0.200147
0.188981
0.175956
0.176431
0.113427
0.113128
0.109748
0.117296
0.124426
0.110505
0.10548
0.0648374
0.0769528
0.111797
0.0183485
0.0143831
0.0186394
0.0230153
0.104133
0.023645
0.0220469
0.013578
0.0210784
0.0208194
0.0154631
0.0148892
0.0152798
0.0241671
0.0222421
0.0109118
0.0115774
0.0112187
0.0236689
0.0213654
0.0550136
0.0488004
0.0352782
0.0130998
0.0547226
0.0339471
0.0271879
0.016292
0.0171848
0.0294277
0.0127371
0.0249203
0.0387653
0.0595728
0.0583851
0.0519369
0.0487486
0.0466842
0.0397258
0.0528296
0.0751475
0.0709947
0.0657859
0.0666388
0.107425
0.135179
0.16245
0.204998
0.234174
0.26021
0.232377
0.294118
0.323812
0.336418
0.356751
0.252925
0.339264
0.325968
0.332716
0.352909
0.380006
0.282979
0.0181452
0.0473577
0.0954448
0.100941
0.104025
0.089407
0.0907979
0.110537
0.108377
0.0974574
0.0963415
0.370034
0.411836
0.391021
0.0427029
0.0549657
0.0238921
0.041021
0.0436314
0.0529133
0.062506
0.0758409
0.107178
0.0802885
0.094564
0.0940061
0.0750638
0.0673123
0.0435278
0.0519967
0.0584051
0.0696875
0.100498
0.0840029
0.0979276
0.100952
0.0928463
0.160537
0.114275
0.118695
0.122186
0.108596
0.268827
0.155277
0.15446
0.1925
0.0133907
0.228969
0.0481747
0.124641
0.142284
0.065495
0.13413
0.121019
0.0295074
0.0339192
0.0205962
0.185713
0.0522517
0.0783118
0.0661645
0.0416906
0.249857
0.0891798
0.0284154
0.0296668
0.0250159
0.16752
0.0137135
0.0350032
0.0166308
0.0326797
0.0679021
0.054073
0.0991591
0.0265503
0.0184122
0.0325562
0.0192053
0.188052
0.0228559
0.00946517
0.0190858
0.00478639
0.175526
0.0307907
0.0189503
0.0196756
0.0322613
0.131751
0.153918
0.101435
0.0118125
0.0117567
0.0902001
0.0201977
0.0189542
0.00918619
0.0123386
0.0305316
0.0664594
0.0260601
0.0256177
0.0324406
0.0305476
0.0596604
0.032608
0.0126335
0.0322892
0.0403356
0.0731628
0.0200701
0.0227602
0.0207476
0.0227842
0.095393
0.0222581
0.03262
0.0305037
0.0319225
0.0797625
0.0329268
0.0365854
0.0412004
0.0354456
0.046999
0.0397218
0.025542
0.0220907
0.0313287
0.124717
0.0313526
0.0247928
0.0246692
0.0268651
0.0578152
0.0345369
0.0266858
0.0222621
0.0264108
0.0987645
0.0200781
0.0288259
0.0264267
0.0291806
0.0444644
0.0423242
0.0486051
0.0519688
0.0528495
0.0556512
0.0447832
0.0411406
0.0424558
0.0455085
0.0429061
0.0373386
0.0363781
0.047545
0.0417424
0.0894947
0.036944
0.0333453
0.0275147
0.0196875
0.0208991
0.065491
0.0457875
0.0441615
0.0370716
0.0985135
0.020373
0.0337
0.0245736
0.0360234
0.0703252
0.0314921
0.0254224
0.0190419
0.0192093
0.113152
0.0370038
0.0696039
0.101949
0.110115
0.171457
0.182261
0.221708
0.265587
0.229966
0.263534
0.223649
0.218161
0.438881
0.310609
0.361438
0.509752
0.543755
0.526419
0.564164
0.609752
0.434007
0.637637
0.66589
0.673505
0.644588
0.659501
0.637502
0.630101
0.599135
0.60595
0.593871
0.58965
0.60554
0.520313
0.456309
0.515061
0.56583
0.514351
0.470692
0.464371
0.487877
0.448848
0.562916
0.549394
0.457054
0.448705
0.379846
0.416288
0.445469
0.421628
0.423454
0.51901
0.478938
0.353073
0.488064
0.481086
0.416491
0.458393
0.40648
0.424179
0.422553
0.47667
0.500765
0.449079
0.46479
0.439507
0.488068
0.525387
0.493066
0.455297
0.439578
0.436996
0.387422
0.434489
0.43902
0.372517
0.348091
0.33085
0.345118
0.380779
0.401917
0.375761
0.398653
0.364507
0.300913
0.343643
0.263634
0.249139
0.164248
0.141997
0.249498
0.328384
0.303878
0.290383
0.34953
0.302985
0.37064
0.333198
0.394094
0.249247
0.280504
0.38089
0.297629
0.280835
0.183648
0.176267
0.177853
0.140774
0.153328
0.0822294
0.0775068
0.0569385
0.0545313
0.0430376
0.0448828
0.040208
0.0393831
0.0419576
0.0527419
0.0871832
0.176706
0.245349
0.263239
0.321222
0.32946
0.248039
0.220277
0.168424
0.118089
0.0950422
0.0830424
0.0617448
0.0387534
0.0294676
0.0358122
0.0302367
0.033437
0.0356847
0.0420612
0.0797027
0.16078
0.167324
0.190459
0.25868
0.324952
0.279388
0.265981
0.276128
0.24611
0.193994
0.236263
0.246628
0.211741
0.122266
0.110796
0.0648095
0.0462976
0.0665152
0.0348916
0.0377092
0.042129
0.0424279
0.0422286
0.0372669
0.050271
0.0345887
0.0350391
0.0460187
0.0431811
0.0667504
0.0504185
0.0371632
0.0485573
0.117954
0.18804
0.155516
0.155033
0.162897
0.123115
0.141412
0.130344
0.114857
0.125697
0.117894
0.0520206
0.0710984
0.0561255
0.0309302
0.067922
0.076355
0.0567352
0.0560338
0.0311932
0.0429499
0.0383907
0.0370596
0.0658218
0.118731
0.088303
0.0852503
0.0606249
0.0496094
0.0309302
0.0237127
0.0436553
0.0393352
0.0759565
0.133728
0.0777339
0.100976
0.0563128
0.0341503
0.0200741
0.0134545
0.0513431
0.0428862
0.0407301
0.0228041
0.034776
0.0332975
0.0261079
0.135131
0.191703
0.150729
0.133186
0.120497
0.0904232
0.0750159
0.0955125
0.0352104
0.0113662
0.00803842
0.0187988
0.0175116
0.0836083
0.0219831
0.0354057
0.0333373
0.0164873
0.153392
0.0683724
0.0299099
0.0757054
0.0112705
0.0767974
0.107947
0.130293
0.215284
0.24957
0.341133
0.292806
0.212745
0.176008
0.111346
0.100387
0.192312
0.127539
0.0863064
0.0951498
0.0843058
0.109744
0.100056
0.0863861
0.0844054
0.0865256
0.056261
0.0767894
0.0969353
0.102889
0.120098
0.135736
0.132074
0.119285
0.109935
0.11913
0.108485
0.093763
0.0835007
0.0921608
0.109876
0.0545234
0.0243863
0.0192691
0.0160131
0.0487207
0.0224932
0.0156106
0.0153874
0.019301
0.0232823
0.0226925
0.0215766
0.0184999
0.0233541
0.0435796
0.043763
0.0673761
0.0607604
0.0524111
0.0553762
0.0456958
0.0545313
0.0465088
0.0494181
0.0615136
0.0522557
0.0493305
0.0407341
0.0778256
0.0993584
0.121943
0.143089
0.172744
0.19118
0.206201
0.213028
0.231799
0.253595
0.275869
0.28643
0.294871
0.320174
0.305261
0.266268
0.348617
0.285848
0.243835
0.188
0.184517
0.199251
0.163454
0.0819305
0.146142
0.134106
0.128447
0.114758
0.12822
0.150913
0.154739
0.191157
0.13906
0.127204
0.116416
0.0999641
0.0852782
0.0544078
0.0349673
0.043739
0.0373107
0.0781165
0.0562211
0.0477244
0.0550414
0.071748
0.11962
0.0728519
0.0750399
0.08315
0.0632114
0.151526
0.0225689
0.0165391
0.0261478
0.0193368
0.120357
0.0314562
0.0376056
0.0286306
0.0379603
0.0734457
0.0300773
0.0198749
0.032596
0.0212458
0.101271
0.0205364
0.0158576
0.0243145
0.0226447
0.0987725
0.023099
0.0256576
0.030707
0.0359995
0.0560099
0.0504145
0.0439144
0.0460784
0.0456042
0.0856727
0.0396939
0.0610952
0.0336681
0.0392755
0.0726965
0.0414116
0.0247689
0.0174996
0.0149849
0.102419
0.0469911
0.0272756
0.0525068
0.0441495
0.162889
0.0552367
0.0242308
0.0299458
0.0358042
0.103188
0.0141798
0.0111589
0.0118723
0.0405468
0.094568
0.0223657
0.0379444
0.0434561
0.0399689
0.169333
0.0236211
0.0947872
0.141806
0.102818
0.170341
0.0436912
0.0170333
0.0173003
0.0204408
0.0668898
0.0174717
0.0937709
0.0895744
0.0384146
0.0237606
0.0253587
0.0955564
0.0190698
0.0139168
0.00767177
0.0133628
0.103407
0.0229675
0.0240276
0.0139806
0.011948
0.0981269
0.0191535
0.0213136
0.0234656
0.008425
0.102897
0.0148852
0.0246971
0.0242029
0.0266659
0.0171489
0.070393
0.0760521
0.0791089
0.0693289
0.0942452
0.0800454
0.085868
0.0937869
0.100383
0.142846
0.127276
0.134246
0.157632
0.00656385
0.0221345
0.0232983
0.0243145
0.0317113
0.018755
0.136502
0.0651722
0.0571019
0.0333254
0.0385621
0.213451
0.103722
0.0184561
0.0358879
0.0268412
0.111051
0.0268253
0.0367328
0.0243504
0.0319982
0.0521561
0.0303922
0.0297864
0.0323769
0.0169895
0.0439622
0.0281245
0.0261956
0.0203332
0.0290531
0.0734537
0.0254025
0.0185238
0.0176112
0.018197
0.0620477
0.0281843
0.0173242
0.0338474
0.035601
0.0765463
0.0237287
0.0305516
0.0212339
0.0199825
0.112195
0.0468835
0.0499442
0.0460346
0.0281763
0.0795632
0.0230432
0.0169855
0.0381436
0.0267177
0.0737088
0.0372509
0.0245098
0.0567791
0.0354894
0.0378527
0.0376813
0.0330982
0.0379723
0.0312649
0.0909453
0.0456679
0.0487127
0.0546469
0.0239957
0.0517057
0.0319504
0.110222
0.252598
0.25766
0.287996
0.239439
0.298796
0.306923
0.281656
0.32453
0.32675
0.136745
0.0882433
0.1239
0.209469
0.382724
0.378033
0.610888
0.624845
0.566997
0.639674
0.530201
0.601758
0.504499
0.586442
0.592145
0.557983
0.48596
0.468807
0.459126
0.499426
0.505448
0.488498
0.529986
0.615176
0.602575
0.698988
0.680615
0.653742
0.589132
0.579181
0.605619
0.522513
0.562426
0.542635
0.479009
0.551231
0.492093
0.550159
0.495548
0.546712
0.538801
0.549773
0.534274
0.532775
0.512131
0.5066
0.489475
0.412474
0.446314
0.373155
0.412291
0.479527
0.508098
0.522553
0.407225
0.425658
0.388518
0.390746
0.482186
0.459939
0.455448
0.481038
0.442061
0.431584
0.424697
0.362789
0.416687
0.391974
0.432751
0.401463
0.472493
0.497473
0.55316
0.526443
0.542998
0.596601
0.575167
0.602288
0.565814
0.503308
0.447828
0.437191
0.361247
0.334342
0.3327
0.321481
0.394078
0.392767
0.401586
0.358533
0.350163
0.312466
0.302327
0.342256
0.369472
0.398737
0.287829
0.251594
0.292001
0.271441
0.27832
0.255894
0.285406
0.297565
0.282205
0.355831
0.388666
0.383018
0.382871
0.464116
0.545261
0.469819
0.424617
0.324593
0.341117
0.275761
0.22341
0.158345
0.179053
0.137438
0.066025
0.0576
0.0166866
0.0355372
0.0270245
0.025012
0.0218954
0.0212418
0.0431572
0.0278854
0.0243504
0.0438466
0.0223936
0.0207078
0.0249044
0.0237446
0.0271481
0.0225849
0.0173641
0.0145385
0.0185517
0.0746971
0.0133668
0.0147019
0.0121314
0.0104296
0.0779452
0.0133987
0.0145863
0.0664833
0.0952216
0.136334
0.20436
0.176885
0.0843695
0.0957716
0.0836163
0.0623585
0.057062
0.0580185
0.0968436
0.198498
0.181149
0.179998
0.115176
0.0748326
0.0497011
0.072836
0.0318428
0.0230472
0.0367368
0.051901
0.0406584
0.0415391
0.0309461
0.0783078
0.0988801
0.150068
0.188718
0.226092
0.246899
0.216352
0.194269
0.166882
0.0939941
0.0632632
0.0864379
0.0530408
0.0140842
0.0477483
0.135573
0.0717201
0.1521
0.132417
0.09729
0.0433126
0.0664236
0.133162
0.0913957
0.151698
0.00182528
0.0711621
0.10438
0.0894747
0.12928
0.126204
0.0940897
0.165316
0.134055
0.101961
0.0780488
0.0368165
0.0669217
0.119572
0.115116
0.0838714
0.0269209
0.0269329
0.100717
0.129751
0.118253
0.115997
0.117826
0.100143
0.121796
0.145652
0.101841
0.103603
0.142508
0.113594
0.118986
0.0837677
0.162574
0.139511
0.164495
0.157783
0.122003
0.169213
0.217288
0.258385
0.235752
0.220664
0.224079
0.202475
0.170875
0.10161
0.122629
0.121895
0.0967918
0.0964411
0.143691
0.182755
0.200171
0.253009
0.273362
0.264527
0.233724
0.248171
0.24666
0.238458
0.224833
0.178005
0.203128
0.238211
0.231034
0.199442
0.179089
0.101789
0.128842
0.131827
0.137179
0.147796
0.101578
0.0615973
0.0798502
0.131197
0.12867
0.149195
0.172246
0.161585
0.160948
0.150829
0.0960784
0.126
0.132751
0.139802
0.139024
0.0819703
0.0845807
0.0710306
0.0470309
0.0413558
0.0594373
0.0595568
0.0594373
0.0691017
0.0647019
0.0691774
0.0945321
0.00506137
0.0182807
0.0292723
0.0351307
0.117328
0.0548302
0.0227323
0.0107724
0.0424199
0.0480591
0.0625658
0.0141639
0.0123545