0.146282
0.166762
0.186334
0.199326
0.187207
0.185629
0.187151
0.193356
0.194154
0.189483
0.186442
0.184943
0.185645
0.181632
0.18097
0.180233
0.180699
0.181257
0.199506
0.212458
0.230304
0.222585
0.218054
0.233054
0.240511
0.242073
0.249681
0.247501
0.239279
0.231679
0.224267
0.219703
0.21895
0.219385
0.219668
0.21852
0.215252
0.213718
0.213554
0.214427
0.215878
0.215427
0.214423
0.216137
0.216192
0.21587
0.21681
0.216579
0.212968
0.212809
0.214331
0.215603
0.215846
0.215296
0.213901
0.213447
0.211573
0.221278
0.232281
0.238387
0.22769
0.221174
0.217667
0.217635
0.219584
0.220142
0.220018
0.220859
0.2164
0.215722
0.22294
0.228132
0.233357
0.231982
0.231289
0.226471
0.223386
0.222135
0.227579
0.236474
0.251502
0.250486
0.258409
0.278085
0.298426
0.316647
0.3359
0.351323
0.356895
0.36037
0.36793
0.37667
0.380528
0.386239
0.386701
0.386019
0.388395
0.388092
0.390483
0.39185
0.390232
0.391184
0.412299
0.436482
0.454727
0.474749
0.480914
0.48097
0.483282
0.478332
0.474159
0.469672
0.468508
0.46129
0.459923
0.458931
0.457843
0.466113
0.49666
0.524518
0.541714
0.566192
0.579228
0.597067
0.59778
0.601538
0.60864
0.614542
0.626495
0.620867
0.615184
0.608058
0.608202
0.609035
0.605623
0.605297
0.605125
0.603531
0.602762
0.603571
0.605771
0.60811
0.609286
0.618831
0.617942
0.618209
0.619165
0.620417
0.624135
0.625917
0.627068
0.628152
0.629129
0.632975
0.634377
0.634684
0.634385
0.6348
0.629511
0.629212
0.629021
0.629647
0.635394
0.648458
0.651746
0.656373
0.659282
0.660187
0.662024
0.661964
0.662048
0.662259
0.662115
0.661298
0.662127
0.660689
0.661055
0.660541
0.660673
0.661119
0.660573
0.660876
0.661657
0.661203
0.660996
0.661067
0.662163
0.661406
0.661179
0.660725
0.660394
0.660183
0.659979
0.659927
0.659158
0.656456
0.657178
0.658098
0.65817
0.658971
0.657209
0.657636
0.657381
0.657349
0.656644
0.656608
0.656444
0.655731
0.655763
0.656345
0.656448
0.656799
0.656078
0.656086
0.656584
0.656735
0.65642
0.655253
0.655552
0.655456
0.655049
0.654826
0.653862
0.654476
0.655022
0.653854
0.654133
0.656624
0.655516
0.653682
0.654878
0.65438
0.652037
0.653276
0.653403
0.65224
0.652925
0.657995
0.658007
0.65803
0.657652
0.657158
0.65709
0.657672
0.656895
0.656341
0.655045
0.652403
0.652232
0.652798
0.652499
0.652961
0.652873
0.652176
0.652411
0.653332
0.653312
0.654312
0.65326
0.654053
0.655783
0.655496
0.652662
0.652172
0.651259
0.652347
0.652435
0.650805
0.651419
0.651662
0.652427
0.652806
0.652268
0.652009
0.653017
0.653742
0.654675
0.654201
0.655392
0.656078
0.656624
0.656942
0.656843
0.657213
0.658525
0.660398
0.662813
0.663427
0.665391
0.669484
0.673418
0.67618
0.680057
0.684198
0.691738
0.699673
0.706719
0.711561
0.7164
0.719265
0.721608
0.726841
0.736334
0.729344
0.709218
0.703368
0.699075
0.701634
0.705735
0.694656
0.670544
0.65122
0.639726
0.653973
0.669719
0.687088
0.695768
0.673402
0.639718
0.614323
0.614204
0.61805
0.609704
0.599008
0.605791
0.603089
0.601945
0.575761
0.536302
0.535015
0.556536
0.576829
0.602909
0.609919
0.600231
0.607373
0.642157
0.635824
0.618723
0.594883
0.559362
0.561131
0.547716
0.564299
0.585729
0.591762
0.553902
0.494739
0.447441
0.412853
0.363323
0.316161
0.298912
0.295365
0.304567
0.338861
0.319058
0.300873
0.274115
0.252168
0.275949
0.28219
0.277096
0.258963
0.245182
0.222952
0.240917
0.244855
0.25493
0.235653
0.20611
0.185892
0.217496
0.217635
0.235358
0.233389
0.235988
0.253611
0.270843
0.283971
0.346082
0.427734
0.500219
0.43955
0.338088
0.276032
0.241129
0.215479
0.196433
0.18537
0.171712
0.163781
0.153057
0.139762
0.133226
0.134278
0.134083
0.132751
0.132783
0.131775
0.136406
0.255568
0.24672
0.275171
0.290539
0.338243
0.364806
0.309146
0.240706
0.213128
0.193456
0.174111
0.16045
0.161207
0.148589
0.143253
0.142858
0.141926
0.141571
0.141236
0.148777
0.211011
0.276327
0.346776
0.420688
0.477451
0.514008
0.532604
0.49307
0.445588
0.268209
0.250749
0.256412
0.231309
0.2108
0.1793
0.164694
0.156815
0.147358
0.143289
0.139299
0.137155
0.135577
0.135872
0.136275
0.135099
0.135374
0.136127
0.135964
0.135143
0.135111
0.135481
0.135119
0.135175
0.160689
0.206189
0.227682
0.214495
0.189483
0.177323
0.177698
0.173071
0.16098
0.171529
0.159437
0.149689
0.141308
0.13865
0.136785
0.135438
0.137223
0.14566
0.138981
0.137175
0.13584
0.133485
0.133102
0.167978
0.221979
0.190646
0.166364
0.152276
0.148123
0.143655
0.131731
0.129627
0.129587
0.161968
0.171768
0.157556
0.139024
0.144429
0.144201
0.13912
0.133429
0.132313
0.14945
0.142667
0.14089
0.139343
0.139116
0.136653
0.152076
0.198577
0.217049
0.196987
0.178264
0.159884
0.151419
0.149024
0.146995
0.136705
0.130022
0.129731
0.129958
0.130217
0.130344
0.129404
0.129623
0.12944
0.129487
0.129675
0.129966
0.129838
0.129826
0.130839
0.174653
0.175905
0.190459
0.243472
0.2608
0.256767
0.225729
0.195465
0.178272
0.175128
0.202144
0.214339
0.194046
0.17834
0.171453
0.167583
0.16526
0.163068
0.159967
0.158736
0.155958
0.18531
0.186824
0.191463
0.18757
0.194747
0.190702
0.185936
0.183282
0.178332
0.175044
0.171381
0.167631
0.166993
0.166264
0.166511
0.167986
0.167974
0.168217
0.167667
0.167069
0.166989
0.167205
0.167524
0.167551
0.168759
0.170321
0.169919
0.169026
0.168309
0.169146
0.182891
0.186095
0.18537
0.183094
0.181703
0.180033
0.179531
0.179017
0.177288
0.177802
0.177559
0.178085
0.189124
0.21689
0.263183
0.312123
0.345409
0.384358
0.418018
0.452104
0.486549
0.527993
0.57922
0.616208
0.610605
0.640431
0.67508
0.670074
0.676327
0.69354
0.720955
0.726247
0.736183
0.745449
0.752742
0.755556
0.746549
0.729862
0.70774
0.706357
0.710095
0.702264
0.702009
0.69841
0.697716
0.701797
0.701777
0.701271
0.705611
0.705308
0.710194
0.71094
0.71184
0.709943
0.704826
0.702088
0.700048
0.698003
0.695652
0.693835
0.690515
0.687932
0.685489
0.684736
0.683222
0.679037
0.67932
0.679244
0.679994
0.677941
0.677531
0.677579
0.676359
0.677666
0.678455
0.68091
0.680396
0.679551
0.679942
0.680512
0.681954
0.679212
0.678423
0.678212
0.679456
0.678248
0.678451
0.677403
0.677339
0.675761
0.673673
0.674295
0.674299
0.673474
0.675323
0.67769
0.677323
0.678523
0.679555
0.679866
0.679049
0.678663
0.677519
0.677555
0.677602
0.67775
0.677559
0.677877
0.678085
0.680528
0.686247
0.687163
0.687239
0.687944
0.688044
0.688861
0.688263
0.687155
0.687295
0.687219
0.687546
0.687944
0.688558
0.688889
0.688626
0.687761
0.687482
0.687195
0.687793
0.687649
0.685872
0.686593
0.687948
0.688136
0.688191
0.687853
0.686087
0.685836
0.686135
0.687773
0.688215
0.688618
0.688176
0.687442
0.687897
0.688602
0.687558
0.687753
0.687028
0.68743
0.687602
0.687845
0.688885
0.690025
0.690375
0.690363
0.687936
0.685924
0.686801
0.686004
0.687956
0.689391
0.68651
0.682959
0.679408
0.677905
0.674458
0.671628
0.667241
0.667328
0.668173
0.668715
0.668663
0.669636
0.669967
0.670094
0.666962
0.667125
0.668958
0.671967
0.673131
0.673039
0.67221
0.671792
0.673227
0.676104
0.693958
0.695222
0.695636
0.695692
0.695947
0.695768
0.696031
0.695803
0.694524
0.694289
0.692699
0.693883
0.694321
0.693667
0.693364
0.692512
0.692655
0.695058
0.695708
0.695389
0.692372
0.6925
0.692619
0.693233
0.693356
0.696003
0.697649
0.697916
0.69776
0.697278
0.698003
0.697465
0.697242
0.69403
0.697613
0.697892
0.698187
0.697549
0.696955
0.697441
0.697286
0.695281
0.694739
0.696218
0.696186
0.697394
0.697067
0.696118
0.695485
0.696322
0.693257
0.693807
0.694221
0.693556
0.693615
0.695556
0.69613
0.695182
0.694169
0.693759
0.693707
0.694978
0.696015
0.696453
0.697354
0.69951
0.701582
0.703902
0.706807
0.710123
0.713359
0.717089
0.719265
0.720955
0.724111
0.728945
0.734377
0.73647
0.74393
0.751698
0.755894
0.751267
0.736478
0.730444
0.737901
0.726502
0.712741
0.689714
0.689192
0.635689
0.623127
0.629507
0.640634
0.660027
0.668608
0.623968
0.626052
0.635119
0.633855
0.644341
0.615842
0.621413
0.615344
0.610179
0.614391
0.600012
0.593325
0.579216
0.545644
0.538741
0.549478
0.583915
0.54336
0.512474
0.481839
0.44943
0.446796
0.414252
0.347111
0.314264
0.346007
0.412757
0.429033
0.417105
0.40275
0.367296
0.376698
0.370588
0.384688
0.404089
0.410099
0.483935
0.506436
0.516906
0.511677
0.477969
0.452192
0.448964
0.499147
0.54552
0.60648
0.634645
0.669018
0.664973
0.631528
0.601012
0.585617
0.593751
0.559298
0.494951
0.455193
0.404436
0.386538
0.389076
0.396306
0.432409
0.462159
0.473541
0.496644
0.499346
0.47563
0.404328
0.373784
0.35334
0.399641
0.410553
0.377746
0.370632
0.393321
0.404085
0.409852
0.410756
0.321409
0.28262
0.301957
0.320596
0.32565
0.330663
0.346581
0.365256
0.421975
0.476359
0.461741
0.402407
0.336753
0.288841
0.266603
0.22979
0.197665
0.183254
0.174131
0.16691
0.15923
0.14953
0.14128
0.137032
0.136801
0.135573
0.135956
0.135382
0.134302
0.134182
0.134421
0.135115
0.134728
0.134393
0.134023
0.133991
0.133321
0.133134
0.132943
0.132349
0.132174
0.132134
0.131512
0.131428
0.13146
0.131026
0.13103
0.130392
0.130667
0.167547
0.166392
0.205022
0.215467
0.199175
0.17781
0.159772
0.149578
0.144436
0.140077
0.170951
0.183289
0.206086
0.186753
0.169887
0.157357
0.155627
0.14723
0.140375
0.136302
0.134377
0.148187
0.142125
0.138841
0.134736
0.138267
0.187681
0.236171
0.293213
0.3315
0.344911
0.369998
0.351283
0.235318
0.191862
0.174299
0.15436
0.147521
0.148366
0.139064
0.128814
0.128364
0.126762
0.126638
0.12659
0.126738
0.126825
0.126598
0.126865
0.126666
0.12659
0.126793
0.12675
0.126618
0.127311
0.127001
0.126861
0.127064
0.127164
0.127431
0.127563
0.127555
0.127375
0.127296
0.126793
0.126554
0.126674
0.127029
0.154818
0.187442
0.200139
0.188439
0.174059
0.167767
0.160772
0.212657
0.267492
0.281552
0.25811
0.24884
0.241954
0.222836
0.20481
0.220644
0.237614
0.241129
0.226172
0.226893
0.250008
0.275578
0.27066
0.255165
0.245321
0.236147
0.22881
0.25442
0.264467
0.275271
0.286278
0.280619
0.287474
0.304543
0.308895
0.324458
0.320576
0.327738
0.32987
0.331715
0.340268
0.346238
0.35442
0.360645
0.366802
0.383154
0.412418
0.422824
0.446796
0.484126
0.499972
0.519464
0.521708
0.531683
0.556751
0.58091
0.598203
0.607528
0.611757
0.61569
0.621493
0.621999
0.623669
0.609274
0.587012
0.572872
0.577048
0.574649
0.57669
0.581245
0.584645
0.58702
0.581408
0.570788
0.564813
0.546118
0.546031
0.546126
0.54032
0.539993
0.542133
0.545489
0.547764
0.548964
0.547956
0.547673
0.547944
0.549307
0.547537
0.547489
0.549928
0.554248
0.553125
0.553085
0.55283