0.104356
0.0740913
0.116077
0.0946836
0.0916946
0.0704966
0.0702614
0.101542
0.123342
0.108883
0.0912323
0.0817033
0.0609238
0.0526184
0.0856966
0.114574
0.115128
0.0486848
0.0799657
0.113761
0.172561
0.136709
0.0923242
0.151279
0.144624
0.224028
0.196198
0.175685
0.177136
0.117671
0.121517
0.109413
0.119859
0.126423
0.109043
0.101937
0.0697912
0.0786067
0.142025
0.0580344
0.0649968
0.0534991
0.0492189
0.122916
0.0732186
0.082596
0.0702575
0.0801969
0.0807508
0.0755619
0.0596286
0.0855731
0.0548262
0.0735175
0.0481468
0.0521521
0.056245
0.0286067
0.0648135
0.070389
0.0625897
0.0490595
0.0403754
0.126973
0.0850032
0.0658935
0.055699
0.065212
0.0842978
0.0459629
0.0336402
0.0481787
0.0639128
0.0956759
0.0553045
0.0577993
0.054615
0.04837
0.0688108
0.0862626
0.105356
0.0680336
0.0719074
0.109868
0.144835
0.183788
0.220166
0.227475
0.266208
0.228519
0.30866
0.350403
0.35067
0.352208
0.26691
0.350976
0.309704
0.327503
0.351654
0.383178
0.320704
0.0310218
0.0520764
0.134453
0.117826
0.11259
0.101873
0.0966165
0.109182
0.110378
0.0942053
0.0884904
0.211641
0.422808
0.391866
0.151391
0.161358
0.0332058
0.0658497
0.0553722
0.0709947
0.0706241
0.078802
0.169472
0.112275
0.0977084
0.104284
0.0870915
0.0864419
0.0635222
0.0947792
0.097282
0.0749203
0.122577
0.112215
0.104802
0.109601
0.115897
0.232779
0.224402
0.120688
0.127005
0.11909
0.30701
0.185621
0.155472
0.239638
0.13749
0.212239
0.183174
0.18091
0.160238
0.0804559
0.139913
0.147461
0.10587
0.0653914
0.0556671
0.190037
0.115216
0.105707
0.114626
0.134485
0.271684
0.17496
0.125143
0.113969
0.110924
0.215228
0.112753
0.0759565
0.0835127
0.0973657
0.126789
0.147936
0.163562
0.0900646
0.0844213
0.0407022
0.0712179
0.192512
0.0405388
0.0375299
0.0531763
0.023641
0.18085
0.119126
0.061135
0.0827794
0.0986769
0.187099
0.188227
0.109967
0.0631436
0.0456958
0.170261
0.0386139
0.0646939
0.0414355
0.0426789
0.137418
0.156815
0.138809
0.0624223
0.0821098
0.0982744
0.204758
0.115949
0.0580663
0.035338
0.0444484
0.163451
0.0202375
0.0242986
0.0206201
0.0262036
0.115822
0.0365057
0.035047
0.0307628
0.0349474
0.0821895
0.0429101
0.0392834
0.0425793
0.036693
0.0787741
0.0460226
0.0355213
0.0322971
0.0306751
0.127467
0.0477642
0.0276861
0.0305277
0.0280129
0.103216
0.0362665
0.0256416
0.0227204
0.0285788
0.236247
0.0453292
0.128316
0.0638052
0.0330464
0.0891878
0.0491471
0.0517376
0.0521879
0.0528136
0.0930536
0.172991
0.126985
0.081795
0.0490276
0.137199
0.047553
0.0411964
0.0480751
0.0421848
0.0977602
0.0378009
0.0481189
0.117496
0.070664
0.0324605
0.0792404
0.0558385
0.0471824
0.0402678
0.188578
0.0402798
0.0380081
0.0376335
0.036673
0.101997
0.0349514
0.0291328
0.0204886
0.0215886
0.178507
0.0624263
0.0807469
0.107074
0.122465
0.186183
0.184366
0.25316
0.271796
0.23152
0.272342
0.423306
0.525032
0.553575
0.467033
0.362649
0.446373
0.478483
0.526108
0.566097
0.599801
0.548191
0.642384
0.675945
0.686809
0.651937
0.660262
0.660808
0.632636
0.601686
0.601311
0.589706
0.586286
0.46897
0.532855
0.523458
0.568496
0.632751
0.573725
0.486553
0.447641
0.501789
0.486342
0.559848
0.411821
0.353037
0.440108
0.424502
0.476718
0.518022
0.450028
0.408098
0.536374
0.517806
0.401905
0.523346
0.487645
0.450295
0.453778
0.43529
0.451455
0.428567
0.502881
0.43694
0.475622
0.499601
0.436629
0.500207
0.53356
0.509692
0.448892
0.425678
0.419935
0.353659
0.432054
0.441615
0.388108
0.337327
0.352698
0.371493
0.3826
0.390997
0.384724
0.41414
0.375869
0.321007
0.375275
0.366806
0.293488
0.239439
0.218404
0.265937
0.289032
0.311585
0.295708
0.3425
0.321748
0.400128
0.365774
0.430675
0.355866
0.388136
0.426825
0.307644
0.303794
0.183692
0.176375
0.184051
0.14336
0.155448
0.0837239
0.0835286
0.0604535
0.0597601
0.0455962
0.0722501
0.0417663
0.0410888
0.0426391
0.0565359
0.106185
0.190798
0.254978
0.321979
0.327108
0.363682
0.233967
0.223733
0.160677
0.12131
0.0944365
0.0815359
0.0635701
0.0398573
0.0313486
0.0350271
0.0305755
0.0339471
0.0370158
0.0425235
0.124554
0.1566
0.195839
0.184836
0.252945
0.272465
0.287948
0.302296
0.29401
0.286717
0.180504
0.246728
0.269409
0.207991
0.143173
0.116424
0.0643552
0.0531962
0.0696477
0.0376096
0.0409573
0.0416946
0.0437271
0.0423083
0.038307
0.0597681
0.0352224
0.0372549
0.0459071
0.0458911
0.068197
0.0509963
0.0418619
0.0525626
0.137127
0.18981
0.1619
0.143867
0.161099
0.12985
0.164192
0.12883
0.142599
0.145014
0.114546
0.0678304
0.0806632
0.0568986
0.0403475
0.0718596
0.0943488
0.0498645
0.0701259
0.0329786
0.0444126
0.0461741
0.0458592
0.0824446
0.111115
0.110553
0.136725
0.106679
0.119851
0.113339
0.0713295
0.102056
0.0591463
0.0966802
0.12553
0.106524
0.132799
0.108935
0.0596684
0.0874103
0.027706
0.0769887
0.0523115
0.0455603
0.0773274
0.0806831
0.0827714
0.0336641
0.15269
0.20338
0.156691
0.145238
0.129619
0.143277
0.119727
0.148362
0.0924956
0.0498486
0.0495576
0.0617009
0.0473458
0.113447
0.0865814
0.0674558
0.0768452
0.0776781
0.187398
0.0893153
0.0617249
0.122382
0.0649291
0.204201
0.098916
0.129001
0.240603
0.262103
0.350371
0.30041
0.226678
0.185509
0.13423
0.119703
0.187745
0.132381
0.106245
0.0943767
0.0834728
0.109122
0.133505
0.150757
0.158238
0.0910131
0.0756018
0.130041
0.16856
0.114562
0.127439
0.134162
0.126714
0.127459
0.108186
0.116854
0.137952
0.132763
0.13582
0.138219
0.159629
0.102172
0.0760003
0.0692133
0.0890563
0.0950383
0.0593655
0.0680655
0.066029
0.0477443
0.0647896
0.0805755
0.0666228
0.058429
0.0540013
0.0421768
0.0558465
0.0699307
0.0708911
0.0553882
0.0683325
0.0589271
0.0556233
0.0461302
0.0891599
0.117105
0.108971
0.109983
0.0668101
0.084246
0.141061
0.128814
0.147601
0.198282
0.221935
0.24562
0.18574
0.236569
0.28737
0.325992
0.337084
0.333553
0.347824
0.325522
0.149247
0.175335
0.197063
0.215391
0.188666
0.176307
0.205436
0.163144
0.124036
0.19843
0.167304
0.180659
0.165479
0.127877
0.155177
0.148517
0.187554
0.138303
0.125359
0.11844
0.104655
0.094576
0.0628368
0.0399131
0.0463295
0.0384067
0.10595
0.056807
0.0556472
0.0645943
0.0748884
0.104619
0.0852822
0.079615
0.0801809
0.0696238
0.164467
0.0256576
0.0340467
0.0344731
0.0270604
0.139602
0.0366531
0.0423601
0.0300693
0.0384465
0.0971903
0.0363462
0.0220668
0.0351387
0.0245058
0.12113
0.0273992
0.0312092
0.0306552
0.0300295
0.158672
0.0485653
0.0342141
0.0555037
0.0448709
0.0805635
0.0545752
0.0445242
0.0503906
0.0491352
0.101383
0.0491591
0.0641718
0.0417185
0.041858
0.0783238
0.0420772
0.0281962
0.0238921
0.0265503
0.197306
0.100925
0.0613981
0.0946318
0.117185
0.236474
0.0876455
0.058975
0.0590866
0.0557309
0.196266
0.0831181
0.090495
0.0378527
0.111617
0.111765
0.0509605
0.0514786
0.0600391
0.0719791
0.214084
0.0596365
0.0950263
0.127395
0.106572
0.186526
0.128854
0.0528575
0.0704567
0.0375658
0.162873
0.0664873
0.132835
0.0981468
0.0617169
0.0418739
0.0507413
0.143424
0.0485852
0.0497091
0.0267017
0.0379683
0.164706
0.0812012
0.0810298
0.0613263
0.0443209
0.143639
0.0697991
0.054077
0.0618763
0.037227
0.153858
0.0430934
0.0284672
0.026889
0.0276263
0.0229117
0.0747489
0.0778455
0.0835206
0.0697673
0.0990116
0.084776
0.119982
0.0953491
0.112837
0.210525
0.151116
0.168093
0.163941
0.0835764
0.185063
0.0425514
0.0578113
0.0822772
0.0341663
0.217982
0.0813925
0.0790411
0.0936593
0.0371074
0.215666
0.117559
0.0963415
0.0330384
0.0482385
0.170756
0.110238
0.0379404
0.0251594
0.0323011
0.0722382
0.0501156
0.032341
0.0359437
0.0254424
0.0570819
0.0306074
0.0580942
0.0846126
0.0446198
0.168376
0.0519249
0.0313725
0.0607843
0.0593376
0.13248
0.032871
0.0518133
0.0379802
0.0385541
0.0890204
0.0363383
0.0341942
0.0616292
0.0420971
0.128276
0.0585485
0.0539853
0.0681213
0.0354376
0.131133
0.038853
0.0784075
0.0686952
0.0470469
0.179029
0.0898533
0.0659134
0.0659413
0.036964
0.0723219
0.0393751
0.0699745
0.0376455
0.0382672
0.118719
0.0970628
0.0882074
0.0884943
0.0314244
0.0999203
0.0397338
0.191511
0.264391
0.269915
0.268906
0.250857
0.287506
0.303957
0.271808
0.306962
0.320887
0.147999
0.0929858
0.188745
0.246349
0.399326
0.363399
0.578376
0.593759
0.55316
0.608497
0.556966
0.558501
0.57832
0.645772
0.615073
0.570947
0.539786
0.502168
0.49181
0.472716
0.52508
0.485565
0.524374
0.620162
0.615882
0.673964
0.655177
0.661817
0.598442
0.593894
0.659704
0.547382
0.623745
0.564825
0.497597
0.558788
0.489722
0.592647
0.551993
0.523474
0.551132
0.585386
0.542384
0.509322
0.537749
0.526475
0.523916
0.431683
0.452802
0.432401
0.465304
0.486091
0.501212
0.532205
0.511454
0.479432
0.41357
0.415925
0.509358
0.449621
0.473832
0.514674
0.46353
0.449805
0.442237
0.39193
0.425785
0.420648
0.47999
0.430113
0.499534
0.553065
0.547067
0.543807
0.543356
0.570453
0.59128
0.608828
0.589208
0.56626
0.476734
0.446302
0.385912
0.343548
0.382353
0.389371
0.355958
0.356572
0.400379
0.378415
0.327706
0.284505
0.344951
0.347549
0.355233
0.334617
0.345293
0.303906
0.303547
0.295847
0.282496
0.223183
0.304786
0.322824
0.352718
0.377228
0.392874
0.380906
0.430595
0.428746
0.536227
0.502072
0.434975
0.343823
0.330336
0.287028
0.240184
0.165878
0.189905
0.142233
0.0724095
0.05978
0.0218237
0.0513391
0.0272039
0.0569863
0.05436
0.0952375
0.0813725
0.0510641
0.09075
0.0945122
0.0797027
0.0895385
0.0929778
0.057341
0.0810099
0.0783357
0.0667942
0.103762
0.0758369
0.119217
0.0677826
0.0952455
0.0728718
0.0662602
0.106544
0.0575163
0.025008
0.0790013
0.0943129
0.135246
0.216483
0.172792
0.129926
0.140344
0.133863
0.108074
0.0581341
0.0590268
0.125271
0.223159
0.187849
0.182644
0.0991272
0.104029
0.102188
0.109804
0.0756297
0.0217121
0.120632
0.0511
0.03967
0.0950622
0.0335326
0.0889925
0.119656
0.153862
0.204272
0.271146
0.244656
0.240754
0.208297
0.176012
0.129854
0.117033
0.132504
0.114144
0.0574964
0.068197
0.159465
0.102212
0.154782
0.15226
0.142695
0.0645505
0.108768
0.170716
0.129113
0.171732
0.0754902
0.104312
0.133696
0.125299
0.162064
0.134493
0.147139
0.181807
0.155966
0.138016
0.0996612
0.0995417
0.114291
0.163411
0.152714
0.123019
0.0581102
0.086426
0.248059
0.137526
0.119229
0.122533
0.114694
0.098107
0.137701
0.188865
0.177339
0.165909
0.153507
0.125809
0.121987
0.120712
0.158736
0.173868
0.1782
0.155611
0.171453
0.200917
0.205165
0.262223
0.231934
0.229699
0.232612
0.207273
0.172071
0.183234
0.206656
0.193735
0.155858
0.14065
0.174275
0.195489
0.215312
0.262717
0.25546
0.182166
0.261805
0.244504
0.253415
0.254025
0.225992
0.183832
0.204499
0.249139
0.245556
0.241914
0.24071
0.220608
0.148856
0.136047
0.138486
0.154491
0.114965
0.106675
0.112956
0.135366
0.150773
0.161553
0.230109
0.138698
0.167452
0.167456
0.117699
0.173231
0.133497
0.144596
0.152168
0.085609
0.0987885
0.0874701
0.0665033
0.0477483
0.0751475
0.163454
0.0671768
0.0726845
0.0681094
0.0711183
0.124582
0.0994221
0.0974016
0.084226
0.138618
0.172346
0.0949625
0.112837
0.0622031
0.0794357
0.0917504
0.140925
0.0735733
0.117404