0.14554
0.16579
0.185358
0.198394
0.186243
0.184712
0.186227
0.192245
0.193333
0.18869
0.185589
0.184118
0.184764
0.180763
0.180137
0.179428
0.179898
0.180424
0.198422
0.211306
0.228945
0.221824
0.217161
0.232038
0.239578
0.240969
0.248067
0.24631
0.238144
0.230568
0.223227
0.218727
0.217846
0.218077
0.218273
0.217177
0.213989
0.212506
0.212382
0.213223
0.214535
0.213989
0.213203
0.214849
0.214949
0.214634
0.215551
0.215216
0.21147
0.211534
0.213012
0.2142
0.214355
0.213781
0.212347
0.212123
0.210334
0.219871
0.230795
0.236844
0.22618
0.219596
0.216268
0.2162
0.217982
0.218464
0.218376
0.219253
0.214794
0.214467
0.221242
0.226622
0.231891
0.230807
0.229898
0.224944
0.222162
0.220999
0.226391
0.23527
0.250215
0.249315
0.257078
0.276682
0.296959
0.314802
0.334083
0.349283
0.354846
0.358238
0.366017
0.374709
0.378667
0.384226
0.384772
0.384122
0.386569
0.386314
0.388674
0.390124
0.388638
0.389439
0.410685
0.434664
0.45267
0.472816
0.478774
0.478938
0.481185
0.476132
0.471935
0.467631
0.466571
0.459433
0.45809
0.457122
0.455986
0.463949
0.494405
0.522206
0.539387
0.563749
0.576622
0.594285
0.59501
0.598749
0.605811
0.611713
0.623394
0.617878
0.61261
0.605631
0.605532
0.606448
0.603105
0.602646
0.602507
0.60106
0.60004
0.600781
0.602929
0.605273
0.606444
0.615993
0.61512
0.615383
0.616348
0.617603
0.621326
0.623087
0.624211
0.625291
0.626247
0.630113
0.631512
0.631827
0.631528
0.631942
0.626666
0.626391
0.626188
0.626817
0.632528
0.645493
0.648757
0.653356
0.656241
0.657178
0.659031
0.658967
0.659031
0.659262
0.659118
0.658242
0.659055
0.657656
0.658042
0.65756
0.657684
0.658126
0.657584
0.657879
0.658652
0.65823
0.658018
0.658082
0.65917
0.658445
0.65819
0.657736
0.657445
0.657237
0.657026
0.656966
0.656197
0.653503
0.654205
0.655125
0.655189
0.655978
0.654228
0.654639
0.654412
0.654368
0.653686
0.653627
0.653463
0.652738
0.652762
0.65336
0.653487
0.653834
0.653144
0.653132
0.653607
0.653762
0.653451
0.652292
0.652586
0.652483
0.652092
0.651885
0.650865
0.651498
0.652068
0.650889
0.651164
0.653678
0.652586
0.650765
0.651933
0.651423
0.649079
0.650319
0.650438
0.649291
0.64994
0.655022
0.65501
0.655022
0.654671
0.654189
0.654133
0.654719
0.653941
0.653388
0.652088
0.64943
0.649271
0.649833
0.649522
0.64996
0.649908
0.649211
0.649426
0.650339
0.650319
0.651331
0.650263
0.651068
0.652802
0.652511
0.649653
0.649147
0.648238
0.649315
0.649422
0.647792
0.648402
0.648689
0.649462
0.649864
0.649307
0.64904
0.650024
0.650721
0.651638
0.651212
0.652495
0.653121
0.653762
0.654085
0.653902
0.654324
0.655643
0.657528
0.659704
0.660266
0.662199
0.666308
0.670214
0.672967
0.676857
0.681022
0.688514
0.696628
0.703551
0.708517
0.713359
0.7164
0.718863
0.724139
0.73303
0.72612
0.706428
0.70047
0.696234
0.698478
0.702539
0.691519
0.667846
0.648298
0.636462
0.650642
0.666412
0.683816
0.692567
0.670911
0.636685
0.611195
0.611175
0.615188
0.606966
0.596521
0.602698
0.600124
0.599215
0.573354
0.533664
0.532194
0.553862
0.574051
0.600343
0.607277
0.597649
0.604348
0.639244
0.632867
0.616168
0.592233
0.556616
0.558501
0.545405
0.561745
0.583449
0.589024
0.551343
0.492193
0.445473
0.411306
0.362119
0.314778
0.297565
0.293843
0.302901
0.337829
0.31783
0.30008
0.273043
0.25096
0.274406
0.280667
0.275725
0.257572
0.244086
0.221545
0.239479
0.24336
0.253459
0.234294
0.204966
0.184597
0.216145
0.216224
0.233943
0.231915
0.234605
0.252184
0.26915
0.282433
0.34393
0.425335
0.498246
0.437829
0.336338
0.274582
0.239965
0.214271
0.195245
0.18419
0.17054
0.162653
0.151973
0.138801
0.132237
0.13325
0.133106
0.131683
0.131719
0.130691
0.135079
0.254125
0.244955
0.273482
0.288777
0.336542
0.362821
0.307775
0.239212
0.211924
0.192284
0.172904
0.159385
0.160131
0.147533
0.142356
0.142017
0.141149
0.14085
0.140523
0.147896
0.209916
0.274892
0.34507
0.418683
0.475347
0.511856
0.530444
0.491184
0.443743
0.26691
0.249562
0.255193
0.230197
0.20978
0.178352
0.163714
0.155942
0.146421
0.142444
0.138439
0.136526
0.134808
0.135075
0.13523
0.13429
0.134621
0.135378
0.13521
0.134389
0.134354
0.134724
0.134318
0.13437
0.159581
0.205177
0.226498
0.21347
0.188606
0.176359
0.176809
0.17223
0.160107
0.170604
0.158624
0.148844
0.140507
0.137817
0.135968
0.134601
0.13633
0.144811
0.138132
0.13637
0.135027
0.132684
0.132305
0.166898
0.220871
0.189646
0.165523
0.151479
0.147302
0.142858
0.130946
0.128822
0.128798
0.160964
0.170744
0.156544
0.138176
0.14358
0.143384
0.138299
0.132644
0.131508
0.148661
0.14181
0.140088
0.138546
0.138331
0.135872
0.151016
0.197465
0.216085
0.195975
0.177248
0.159087
0.150614
0.148227
0.146198
0.135904
0.129244
0.128949
0.129173
0.129428
0.129555
0.128599
0.128802
0.128619
0.128667
0.12885
0.129165
0.129041
0.129037
0.129878
0.173689
0.174996
0.189295
0.241946
0.259708
0.255799
0.224749
0.194472
0.177491
0.174055
0.20096
0.213594
0.193253
0.177567
0.170516
0.166559
0.164248
0.162167
0.15917
0.157931
0.155169
0.18429
0.185856
0.190563
0.186617
0.193839
0.189857
0.185079
0.182421
0.177359
0.174103
0.170564
0.16683
0.166204
0.165479
0.16571
0.167189
0.167157
0.16742
0.166858
0.166252
0.166228
0.166443
0.166758
0.166778
0.167982
0.169297
0.169062
0.168197
0.167484
0.168093
0.182014
0.185302
0.184569
0.182221
0.180827
0.179173
0.178647
0.178212
0.176483
0.176985
0.176762
0.177252
0.188004
0.215794
0.261932
0.310681
0.343723
0.3826
0.416145
0.450139
0.484601
0.525889
0.577017
0.613797
0.607975
0.637426
0.672051
0.666902
0.672952
0.690096
0.717185
0.722549
0.732652
0.741842
0.749107
0.751726
0.743117
0.726463
0.704675
0.702838
0.706528
0.699016
0.698709
0.694943
0.694221
0.698191
0.698019
0.697661
0.701925
0.701638
0.706691
0.707369
0.708254
0.706456
0.701439
0.69878
0.696724
0.69468
0.692344
0.690332
0.686721
0.684354
0.682026
0.681305
0.679671
0.675566
0.675701
0.675745
0.67653
0.674578
0.674159
0.674247
0.673011
0.674295
0.6751
0.677033
0.676491
0.676024
0.676391
0.677033
0.678431
0.675526
0.675016
0.674976
0.676223
0.675108
0.67504
0.673924
0.673872
0.67239
0.670461
0.671043
0.670999
0.670134
0.671955
0.674346
0.673896
0.675151
0.676064
0.676259
0.675466
0.675159
0.674087
0.674295
0.674123
0.674462
0.674358
0.674785
0.674984
0.677431
0.68307
0.683995
0.684087
0.684764
0.684876
0.685637
0.685043
0.683927
0.684095
0.684023
0.684393
0.684796
0.685402
0.685729
0.685469
0.684613
0.684342
0.684015
0.684629
0.684477
0.682747
0.683469
0.684808
0.684991
0.685035
0.684672
0.682903
0.682664
0.682983
0.684629
0.685075
0.685358
0.68486
0.684266
0.684732
0.68543
0.684417
0.684601
0.683863
0.684262
0.684433
0.684728
0.68576
0.686876
0.687227
0.687215
0.684808
0.682799
0.683668
0.682867
0.684696
0.686015
0.68313
0.679731
0.676295
0.674566
0.671007
0.668181
0.663953
0.663921
0.664806
0.665379
0.665332
0.666296
0.666619
0.666647
0.663419
0.663777
0.665603
0.66848
0.669608
0.669548
0.668867
0.668436
0.669967
0.672908
0.690479
0.691587
0.691966
0.692125
0.692392
0.692272
0.692512
0.6923
0.691021
0.690794
0.689192
0.690355
0.690806
0.690164
0.689829
0.689052
0.689176
0.691623
0.692225
0.691894
0.688865
0.689008
0.689128
0.689738
0.689861
0.692456
0.694126
0.694389
0.694229
0.693743
0.69454
0.693918
0.693711
0.690491
0.69407
0.694393
0.694688
0.694034
0.693432
0.693859
0.693791
0.691842
0.691292
0.692767
0.692667
0.693926
0.693584
0.692623
0.691962
0.692763
0.689782
0.690328
0.690698
0.689893
0.689945
0.691874
0.692432
0.691543
0.690567
0.690108
0.690025
0.691276
0.692229
0.692611
0.693516
0.695417
0.697477
0.699896
0.702877
0.706253
0.709521
0.713255
0.715483
0.717173
0.720353
0.725195
0.730607
0.732632
0.740005
0.747752
0.751989
0.747597
0.732887
0.726638
0.733867
0.722852
0.70937
0.686649
0.686326
0.632811
0.620066
0.626096
0.637522
0.656994
0.665658
0.620931
0.622975
0.631919
0.63087
0.641599
0.613092
0.618615
0.612797
0.607512
0.611725
0.597489
0.590802
0.576841
0.543185
0.536187
0.546883
0.58164
0.541854
0.510581
0.479974
0.447406
0.445158
0.413263
0.346094
0.312972
0.344193
0.410876
0.427415
0.415575
0.401279
0.36581
0.374769
0.368894
0.382652
0.402419
0.407923
0.481675
0.504527
0.514471
0.509385
0.475933
0.450518
0.447003
0.497039
0.542966
0.603615
0.631903
0.666328
0.662032
0.629169
0.598298
0.582656
0.590862
0.556911
0.493105
0.453156
0.402407
0.384366
0.387159
0.39462
0.430097
0.460075
0.471186
0.494373
0.496907
0.473533
0.402037
0.371768
0.35163
0.397836
0.408652
0.375925
0.368372
0.391491
0.402371
0.407871
0.408537
0.319907
0.281181
0.300534
0.319078
0.324067
0.329125
0.34507
0.363785
0.419891
0.474016
0.460131
0.400901
0.335462
0.287721
0.265371
0.228878
0.19676
0.182401
0.173318
0.166061
0.158397
0.148689
0.140451
0.136211
0.135964
0.134776
0.135155
0.134609
0.133525
0.133377
0.133624
0.134326
0.133935
0.133588
0.133226
0.133178
0.132473
0.132313
0.132118
0.131532
0.131357
0.131357
0.130719
0.130623
0.130691
0.130241
0.130229
0.129591
0.129691
0.166623
0.165403
0.203938
0.214554
0.19825
0.176945
0.159007
0.1488
0.143663
0.139291
0.169895
0.182229
0.204958
0.185916
0.168894
0.156552
0.154818
0.146421
0.139566
0.135477
0.133441
0.14737
0.141284
0.138064
0.133963
0.137462
0.186653
0.234912
0.291695
0.329986
0.343544
0.368113
0.350251
0.234445
0.190945
0.173505
0.153551
0.146696
0.147533
0.138211
0.127965
0.127527
0.125949
0.125805
0.125757
0.125901
0.125996
0.125805
0.126076
0.125861
0.125761
0.125972
0.125909
0.125785
0.126502
0.126204
0.126044
0.126239
0.126359
0.126606
0.126762
0.12675
0.126554
0.126479
0.126016
0.125757
0.125881
0.126231
0.15371
0.186354
0.199115
0.18755
0.173159
0.166834
0.159844
0.211414
0.266272
0.280404
0.256994
0.247748
0.240778
0.221844
0.203957
0.219787
0.236518
0.240152
0.225355
0.225693
0.248665
0.274131
0.269823
0.254344
0.244476
0.235238
0.227563
0.252981
0.26316
0.273824
0.285202
0.27944
0.286043
0.303296
0.307429
0.323079
0.319026
0.326227
0.328316
0.329982
0.338084
0.344066
0.352531
0.358883
0.365264
0.381412
0.410422
0.420708
0.444592
0.481516
0.497067
0.516818
0.519205
0.529205
0.553989
0.577742
0.595142
0.604424
0.608545
0.612518
0.618337
0.619146
0.620875
0.606612
0.584377
0.570062
0.574167
0.571752
0.573725
0.578236
0.581628
0.583979
0.578368
0.567846
0.561968
0.543193
0.543062
0.543014
0.537311
0.537052
0.539144
0.542456
0.544373
0.545437
0.544608
0.544321
0.544604
0.545947
0.544169
0.543974
0.546381
0.550689
0.549617
0.549757
0.549558