0.0717918
0.0643113
0.0934322
0.161414
0.169668
0.0729914
0.074179
0.0940619
0.0986051
0.0984935
0.095385
0.105779
0.0966563
0.0777778
0.0848438
0.072015
0.0814204
0.0479436
0.0938028
0.087235
0.14774
0.133692
0.126634
0.160541
0.141699
0.154149
0.176459
0.170608
0.173601
0.124976
0.106133
0.106919
0.113096
0.13802
0.107532
0.12384
0.0960187
0.104484
0.157668
0.106516
0.0436434
0.0439782
0.0340786
0.147581
0.0428105
0.0609597
0.0429778
0.0730312
0.0774191
0.109565
0.0708473
0.0947752
0.0590666
0.112486
0.0947274
0.072274
0.0860912
0.0674837
0.0870437
0.0620038
0.060597
0.0485135
0.0600112
0.100426
0.0656026
0.0562849
0.0393193
0.0485175
0.070664
0.0233501
0.0365375
0.0805835
0.0520445
0.0711063
0.0504663
0.0401801
0.0390084
0.0621433
0.119213
0.0816714
0.0981388
0.0684003
0.105763
0.141707
0.140862
0.176993
0.18091
0.219843
0.248553
0.217938
0.272346
0.294102
0.340754
0.340535
0.280173
0.35974
0.327232
0.328754
0.363219
0.385318
0.338893
0.0816874
0.0836801
0.180974
0.0971624
0.0965208
0.103121
0.0883588
0.125893
0.081241
0.115084
0.130639
0.322382
0.40222
0.421764
0.193197
0.168165
0.0951578
0.134836
0.11571
0.0984656
0.081803
0.0582377
0.140419
0.0973777
0.0994819
0.0552048
0.0503467
0.171007
0.124681
0.118273
0.116276
0.0797545
0.128945
0.109864
0.103674
0.0938347
0.0998246
0.211219
0.17814
0.116196
0.119062
0.103575
0.276973
0.188809
0.136733
0.218564
0.164351
0.248856
0.21471
0.207162
0.158293
0.121744
0.191428
0.190626
0.12565
0.0955165
0.0775108
0.201379
0.142169
0.12989
0.130635
0.155488
0.271672
0.135326
0.171632
0.119787
0.15004
0.150343
0.16314
0.142013
0.0873545
0.101383
0.150765
0.114459
0.140563
0.101048
0.10448
0.0604854
0.0832935
0.212426
0.0962578
0.0691455
0.0422924
0.02064
0.180049
0.131675
0.0833692
0.127559
0.127359
0.156819
0.145417
0.0857126
0.137849
0.0363582
0.138646
0.0306313
0.0444803
0.0755221
0.0672963
0.209226
0.120257
0.148928
0.0554998
0.0557907
0.055436
0.163813
0.111398
0.0585485
0.0545951
0.0561015
0.140686
0.076913
0.0640124
0.05326
0.0419735
0.144875
0.032062
0.0409613
0.0355771
0.0353539
0.116029
0.0435438
0.0404272
0.0420373
0.0337279
0.0483301
0.0467241
0.0368922
0.0385541
0.0325044
0.187669
0.103049
0.0957078
0.0573928
0.0353101
0.205524
0.0716244
0.0842858
0.0944963
0.0481149
0.192488
0.112347
0.085334
0.0539455
0.03044
0.0867169
0.0482345
0.0503627
0.0516021
0.0515742
0.103081
0.129304
0.107245
0.0784633
0.0491432
0.192245
0.124645
0.0862028
0.115646
0.0719632
0.170859
0.113813
0.0905548
0.148318
0.0762753
0.0835605
0.146417
0.0810896
0.0957357
0.101869
0.171174
0.138546
0.0988084
0.0780926
0.0471106
0.101323
0.0360473
0.0981269
0.0279731
0.0664873
0.205205
0.123529
0.105556
0.140953
0.139845
0.199765
0.215324
0.249315
0.334433
0.279747
0.321429
0.20823
0.307054
0.529818
0.489467
0.455145
0.489168
0.439734
0.564064
0.557556
0.576849
0.510633
0.569317
0.518679
0.571959
0.458553
0.569907
0.480886
0.512398
0.502686
0.482879
0.429288
0.530775
0.525139
0.394974
0.387626
0.400861
0.47561
0.459736
0.360234
0.391563
0.36294
0.364798
0.462307
0.416428
0.40151
0.36683
0.272948
0.321931
0.460721
0.373513
0.399625
0.393851
0.41628
0.313016
0.452451
0.449091
0.381006
0.362502
0.372027
0.326475
0.259374
0.371927
0.309991
0.349048
0.368799
0.392069
0.399597
0.401578
0.359971
0.315204
0.245899
0.277096
0.224972
0.284656
0.348625
0.301989
0.284553
0.229264
0.279025
0.262685
0.297852
0.274227
0.24511
0.25589
0.257744
0.230045
0.20976
0.205874
0.198219
0.117707
0.159569
0.213343
0.194504
0.184617
0.294815
0.318651
0.329041
0.365575
0.360322
0.334808
0.261781
0.318101
0.276965
0.250263
0.208867
0.139869
0.156249
0.121401
0.124044
0.0884106
0.0757413
0.0625299
0.053252
0.052977
0.0595568
0.0422525
0.0444006
0.0416149
0.0506416
0.1239
0.159342
0.227674
0.309437
0.284692
0.333254
0.245576
0.19187
0.126973
0.119504
0.137769
0.10063
0.0715846
0.0555595
0.0597282
0.04077
0.0317233
0.0326957
0.0373067
0.0490515
0.118253
0.145094
0.173513
0.202144
0.215124
0.265854
0.242125
0.265284
0.223613
0.149506
0.117264
0.125972
0.176646
0.130213
0.116842
0.100697
0.081532
0.0494301
0.0657779
0.0493424
0.0566595
0.0418938
0.0453411
0.0361191
0.036151
0.0542245
0.037235
0.0357763
0.0437271
0.0450582
0.0766858
0.0501793
0.0441535
0.053519
0.137386
0.178694
0.158792
0.149741
0.141671
0.11457
0.14454
0.110398
0.126606
0.118309
0.113136
0.107935
0.101614
0.099992
0.091021
0.0680097
0.0817312
0.0522358
0.0635023
0.0680456
0.0786705
0.0697354
0.0483501
0.0609198
0.0904352
0.0967719
0.106333
0.105113
0.0834609
0.0677865
0.0576718
0.0785748
0.0558664
0.0802288
0.119636
0.126498
0.106883
0.067117
0.0646461
0.0714371
0.0296868
0.0709668
0.0573888
0.0702893
0.0627491
0.109425
0.117209
0.0539535
0.0942731
0.182074
0.100287
0.152997
0.118635
0.106966
0.129224
0.126475
0.110015
0.0541408
0.0577355
0.0958433
0.0810936
0.127897
0.109103
0.112944
0.0996294
0.0987685
0.18908
0.108349
0.10805
0.143273
0.0881436
0.162877
0.133349
0.111884
0.186362
0.232445
0.256568
0.217735
0.166479
0.169855
0.127861
0.146098
0.123322
0.102351
0.0903754
0.0663757
0.105109
0.0906145
0.0943209
0.100279
0.124155
0.0898334
0.0810497
0.116718
0.146676
0.150725
0.158549
0.137534
0.116161
0.140567
0.133572
0.130827
0.145186
0.108353
0.115806
0.121146
0.143209
0.0981388
0.108198
0.100893
0.107991
0.126279
0.0954169
0.0979515
0.109282
0.102778
0.0971824
0.0786466
0.0977084
0.0968675
0.088582
0.104695
0.115463
0.0597202
0.0671489
0.0549857
0.100139
0.0757253
0.0912402
0.0988443
0.067655
0.0860872
0.0917424
0.0816356
0.0681253
0.0857445
0.112578
0.122178
0.117093
0.148904
0.159298
0.198888
0.154081
0.206476
0.229747
0.280894
0.322382
0.280237
0.318297
0.322298
0.289395
0.34389
0.169217
0.241675
0.1739
0.136498
0.20915
0.155655
0.160984
0.214495
0.179882
0.18093
0.170357
0.169974
0.158094
0.157492
0.20379
0.171601
0.15711
0.146214
0.122975
0.130113
0.0852543
0.0409692
0.0469951
0.0392316
0.126722
0.0728918
0.0719313
0.0762912
0.0891121
0.138347
0.105556
0.0784792
0.0845449
0.0801251
0.201746
0.104232
0.108453
0.0931652
0.0708473
0.202025
0.0614379
0.0546031
0.0387335
0.0401602
0.116762
0.0858361
0.0417384
0.0421887
0.027164
0.140375
0.0417065
0.0420214
0.0697513
0.0584011
0.226941
0.0873864
0.0499044
0.0658616
0.0471106
0.138431
0.0527419
0.0451379
0.0553682
0.0511199
0.121274
0.0742587
0.0663319
0.0544357
0.0500956
0.131536
0.119935
0.0488243
0.0603021
0.0419895
0.243631
0.105328
0.0520803
0.0931213
0.0970269
0.24336
0.11622
0.0645026
0.0534633
0.043751
0.237992
0.154476
0.13708
0.0674876
0.103922
0.165487
0.113877
0.0669337
0.0633947
0.081249
0.226427
0.113837
0.0610752
0.123956
0.0785669
0.22783
0.116344
0.032871
0.0883987
0.0496333
0.190682
0.0507014
0.204491
0.0839192
0.0805516
0.0424478
0.060055
0.174215
0.0720389
0.0682887
0.0266101
0.0349354
0.202499
0.109573
0.067109
0.0468436
0.0404511
0.206624
0.075267
0.0623147
0.045656
0.0446636
0.180476
0.0934282
0.0525068
0.0611549
0.0419815
0.0881715
0.0797625
0.0951419
0.0934401
0.0728639
0.131452
0.116244
0.126012
0.0979316
0.114036
0.193428
0.142723
0.162478
0.163606
0.107899
0.239036
0.0943886
0.10375
0.080169
0.0390842
0.205934
0.0863104
0.124223
0.103945
0.0629404
0.237418
0.143739
0.112908
0.077459
0.0838474
0.226937
0.109425
0.0490794
0.0562131
0.0559023
0.150446
0.0851905
0.033154
0.0369879
0.0312928
0.1414
0.0419337
0.072023
0.0683445
0.0610394
0.146836
0.0569385
0.0395226
0.0392834
0.0357325
0.131759
0.07064
0.0662562
0.0650845
0.0591742
0.144281
0.0433485
0.0621832
0.0703969
0.0613104
0.13197
0.083971
0.0648972
0.0920851
0.0435398
0.151291
0.0738522
0.102539
0.072553
0.053531
0.153336
0.102029
0.0942571
0.0614817
0.0420014
0.0729914
0.0401164
0.0601706
0.0365057
0.0393831
0.137976
0.0856887
0.0850709
0.080436
0.0454328
0.107034
0.0318747
0.168125
0.250418
0.255978
0.274733
0.238279
0.264271
0.287147
0.256504
0.215391
0.242711
0.162889
0.195696
0.276084
0.271991
0.301068
0.338618
0.498669
0.348848
0.413036
0.39244
0.416639
0.524837
0.372776
0.450454
0.477483
0.327798
0.455783
0.439008
0.420325
0.423589
0.467356
0.400905
0.428384
0.449546
0.53435
0.557624
0.495433
0.470245
0.484377
0.434142
0.393165
0.466292
0.470253
0.416627
0.448633
0.442918
0.413267
0.500391
0.478886
0.449582
0.441248
0.3761
0.281751
0.419146
0.460326
0.379065
0.325231
0.303874
0.332736
0.362251
0.377838
0.381771
0.374689
0.392149
0.36952
0.326606
0.344193
0.329922
0.329153
0.423067
0.341989
0.355803
0.379324
0.350857
0.367559
0.330711
0.337032
0.316989
0.321166
0.419293
0.422956
0.455392
0.42237
0.425251
0.405308
0.393771
0.443715
0.433692
0.406548
0.354173
0.392424
0.360007
0.289439
0.321425
0.29397
0.255934
0.238435
0.316734
0.323509
0.23574
0.2554
0.234091
0.223565
0.265077
0.265487
0.275622
0.279268
0.283469
0.232241
0.21901
0.222402
0.241599
0.238371
0.294329
0.335697
0.370564
0.305173
0.292783
0.334095
0.367384
0.388917
0.339869
0.339993
0.230639
0.277347
0.2033
0.211478
0.164949
0.173482
0.130663
0.095389
0.0951339
0.073382
0.0615734
0.0662442
0.0554758
0.0488921
0.073374
0.0812171
0.0660689
0.056807
0.0902399
0.119269
0.105994
0.127403
0.0944883
0.124478
0.115917
0.10059
0.104507
0.0812729
0.149016
0.0938347
0.111231
0.0957118
0.0940499
0.145564
0.0996214
0.0566117
0.0626893
0.0954846
0.138662
0.151287
0.132182
0.0992747
0.11369
0.170696
0.123549
0.0943727
0.0630799
0.0841304
0.151184
0.161761
0.133401
0.140858
0.0948988
0.145345
0.0797625
0.111773
0.0543958
0.0953292
0.0919815
0.054336
0.0628447
0.0493105
0.0811613
0.122119
0.147784
0.215937
0.25809
0.237614
0.240838
0.191029
0.142902
0.0930775
0.144552
0.11526
0.148832
0.0624621
0.109314
0.176562
0.118958
0.166499
0.160374
0.156381
0.0828392
0.133999
0.193615
0.117814
0.173043
0.120532
0.140411
0.148502
0.142775
0.176096
0.136215
0.162482
0.216978
0.158234
0.155265
0.127308
0.110306
0.120983
0.178113
0.137366
0.154623
0.092117
0.0949745
0.184601
0.138865
0.116133
0.101315
0.100307
0.093743
0.111183
0.149637
0.138355
0.162653
0.155528
0.10041
0.0885581
0.0888889
0.118942
0.165399
0.173653
0.155835
0.138666
0.120696
0.208943
0.23219
0.225044
0.192161
0.16618
0.209206
0.171967
0.212271
0.205352
0.169588
0.165156
0.121274
0.143719
0.1816
0.194907
0.260119
0.260665
0.161422
0.253268
0.241603
0.289869
0.226758
0.21261
0.174841
0.183676
0.228862
0.209023
0.216703
0.229256
0.216224
0.131528
0.129794
0.131656
0.152606
0.147661
0.160019
0.0988801
0.113116
0.121306
0.149059
0.197928
0.152941
0.15216
0.1402
0.146373
0.272772
0.123159
0.145923
0.120353
0.0787223
0.123996
0.0893153
0.105352
0.109425
0.08804
0.206464
0.0840866
0.0785469
0.0739997
0.0697035
0.114662
0.0941256
0.125805
0.120082
0.141515
0.199263
0.112901
0.152483
0.0596047
0.103734
0.158457
0.129456
0.0532002
0.0838315