0.145297
0.165563
0.184983
0.19831
0.186111
0.184362
0.185892
0.192117
0.192994
0.188411
0.185179
0.183832
0.184513
0.180492
0.17983
0.179085
0.179559
0.180049
0.198019
0.210912
0.228384
0.221465
0.216691
0.231456
0.239283
0.240503
0.247832
0.246278
0.23812
0.230484
0.222967
0.218329
0.217468
0.217826
0.218038
0.21691
0.213725
0.21243
0.212331
0.213203
0.214515
0.213969
0.213183
0.214821
0.214905
0.214606
0.215523
0.21518
0.211442
0.21151
0.212992
0.214184
0.214339
0.213761
0.212331
0.212103
0.21031
0.219847
0.230771
0.236773
0.226096
0.219528
0.216252
0.216184
0.217982
0.218452
0.218348
0.219229
0.21477
0.214439
0.221222
0.22659
0.231819
0.230683
0.229814
0.224773
0.221979
0.220935
0.226299
0.235159
0.25002
0.249135
0.256903
0.276487
0.296736
0.314682
0.333796
0.349004
0.354487
0.357963
0.365626
0.374342
0.378324
0.383728
0.384433
0.383744
0.386255
0.386015
0.388355
0.389817
0.388347
0.389156
0.410382
0.43435
0.452216
0.472509
0.478479
0.478523
0.480898
0.475697
0.471557
0.467432
0.466364
0.459182
0.457847
0.456899
0.455779
0.463737
0.494126
0.521935
0.539112
0.563431
0.576331
0.593779
0.594472
0.598211
0.605297
0.611171
0.6228
0.617276
0.612004
0.605033
0.604938
0.605827
0.602467
0.602068
0.601925
0.600526
0.599446
0.600247
0.602395
0.604739
0.60591
0.615363
0.614495
0.614929
0.61573
0.616978
0.6206
0.622378
0.623462
0.62457
0.62553
0.629372
0.630763
0.631074
0.630759
0.631181
0.625937
0.625662
0.625462
0.626076
0.631799
0.644751
0.648007
0.65259
0.655468
0.656412
0.658258
0.658182
0.658234
0.658469
0.658337
0.657484
0.658289
0.656887
0.657277
0.656799
0.656915
0.657357
0.656803
0.65709
0.657867
0.657461
0.657249
0.657321
0.658405
0.657684
0.657437
0.656978
0.656695
0.656492
0.656281
0.656209
0.655424
0.652774
0.653459
0.654376
0.65444
0.655229
0.653475
0.653918
0.653655
0.653623
0.652929
0.652873
0.652698
0.652009
0.65204
0.65265
0.652766
0.653097
0.652391
0.652395
0.652853
0.652993
0.652698
0.651514
0.651825
0.651714
0.651339
0.651124
0.650108
0.650749
0.651315
0.650108
0.650375
0.652857
0.651769
0.64996
0.651156
0.650693
0.648302
0.649542
0.649677
0.648525
0.649151
0.654272
0.65428
0.654312
0.653938
0.653439
0.653388
0.653969
0.653204
0.652634
0.651355
0.648713
0.648537
0.649135
0.648832
0.649191
0.649167
0.64845
0.648665
0.649574
0.649558
0.650562
0.649498
0.650307
0.65204
0.651754
0.648876
0.648374
0.647473
0.648549
0.648637
0.647011
0.647621
0.647904
0.648689
0.649083
0.648533
0.648254
0.649235
0.6499
0.650829
0.650418
0.65171
0.652319
0.652949
0.65326
0.653089
0.653495
0.65481
0.656715
0.659079
0.659629
0.661486
0.665563
0.669544
0.672206
0.675905
0.680125
0.68757
0.695696
0.702555
0.707301
0.712099
0.7151
0.717719
0.722892
0.732213
0.725351
0.70548
0.699797
0.695712
0.697728
0.701889
0.690583
0.666902
0.64727
0.635848
0.650363
0.666176
0.683098
0.691834
0.669943
0.636011
0.610402
0.610462
0.614459
0.605918
0.595668
0.602367
0.599458
0.598374
0.572637
0.532911
0.531759
0.553407
0.573478
0.599721
0.606516
0.597055
0.604049
0.638339
0.632209
0.61526
0.591467
0.556181
0.557859
0.544452
0.560832
0.582504
0.588176
0.551092
0.492284
0.444839
0.41019
0.361681
0.314443
0.297402
0.293735
0.302814
0.337231
0.317153
0.299426
0.272792
0.250765
0.274582
0.280293
0.275494
0.257106
0.243918
0.221349
0.23926
0.24301
0.253324
0.234114
0.204739
0.184178
0.216192
0.21626
0.233393
0.231516
0.234545
0.251889
0.269118
0.28195
0.343352
0.424749
0.497653
0.437115
0.336143
0.274386
0.239614
0.213957
0.195194
0.184114
0.170437
0.162514
0.151853
0.13869
0.132146
0.133118
0.132979
0.13156
0.131604
0.130583
0.134971
0.25369
0.244947
0.273195
0.288482
0.336111
0.362821
0.307146
0.239064
0.211546
0.192049
0.172832
0.159274
0.160027
0.147425
0.142253
0.141898
0.141045
0.140726
0.140383
0.147732
0.209629
0.274593
0.344636
0.418197
0.474649
0.511115
0.529683
0.490423
0.443213
0.26685
0.249303
0.254687
0.230261
0.209792
0.178216
0.163702
0.155858
0.146294
0.142308
0.138291
0.136378
0.134652
0.134916
0.135099
0.13415
0.134469
0.135222
0.135039
0.134242
0.13425
0.134625
0.134218
0.134274
0.159481
0.204978
0.226335
0.213339
0.188351
0.176255
0.176526
0.172119
0.159916
0.170433
0.158373
0.148737
0.140332
0.137749
0.13588
0.134521
0.136251
0.144703
0.138076
0.136259
0.134931
0.13258
0.13219
0.166794
0.220959
0.189367
0.165352
0.151403
0.147234
0.142767
0.130839
0.128718
0.128674
0.160824
0.170803
0.156444
0.138064
0.14348
0.143289
0.138195
0.132552
0.131416
0.148521
0.141722
0.139957
0.138411
0.138227
0.135772
0.150909
0.197194
0.215826
0.195732
0.177152
0.158784
0.150542
0.148151
0.146122
0.135812
0.129133
0.128838
0.129053
0.129316
0.129444
0.128495
0.128694
0.128515
0.128571
0.128758
0.129061
0.128945
0.128938
0.129778
0.173593
0.174948
0.188957
0.241647
0.259473
0.255579
0.224454
0.19448
0.177375
0.173984
0.200889
0.213351
0.192986
0.177268
0.170592
0.166711
0.164371
0.162052
0.158967
0.157648
0.154874
0.183987
0.185537
0.19012
0.186482
0.193524
0.189208
0.18468
0.182054
0.177228
0.17388
0.17021
0.166447
0.16579
0.165069
0.165352
0.166774
0.166742
0.167005
0.166432
0.165866
0.165834
0.166041
0.166356
0.166384
0.167595
0.16891
0.168671
0.167826
0.167121
0.167735
0.181624
0.184824
0.184095
0.181831
0.1805
0.178818
0.178276
0.17775
0.176052
0.176518
0.176303
0.176777
0.18753
0.215316
0.261183
0.310095
0.343089
0.381759
0.415296
0.449307
0.483748
0.524992
0.575897
0.612713
0.606946
0.636561
0.67127
0.666145
0.672055
0.689156
0.716352
0.721951
0.731942
0.741081
0.748462
0.751068
0.742527
0.725749
0.704065
0.70222
0.705643
0.698258
0.698063
0.694098
0.693444
0.697318
0.697087
0.696752
0.700857
0.700562
0.705607
0.706289
0.707174
0.705376
0.700351
0.697728
0.695652
0.693623
0.691272
0.689252
0.685653
0.683293
0.68097
0.680233
0.678591
0.674518
0.674637
0.674685
0.675474
0.673517
0.673143
0.673207
0.671959
0.673231
0.67404
0.675941
0.675407
0.674936
0.675303
0.675941
0.677379
0.674454
0.67394
0.673904
0.675151
0.674059
0.673984
0.672864
0.672812
0.671318
0.669413
0.670014
0.669951
0.669062
0.670879
0.673282
0.672832
0.674075
0.674988
0.675179
0.674378
0.674087
0.673019
0.673227
0.673055
0.67337
0.673266
0.673689
0.673892
0.676335
0.682002
0.682915
0.683018
0.683696
0.6838
0.684565
0.683963
0.682863
0.683018
0.682951
0.683301
0.683716
0.684314
0.684637
0.684389
0.683525
0.683258
0.682939
0.683553
0.683405
0.681691
0.682417
0.683744
0.683927
0.683967
0.683572
0.681843
0.681604
0.681915
0.68356
0.684011
0.684274
0.683784
0.683166
0.68364
0.684338
0.683357
0.683525
0.682799
0.683198
0.683365
0.683616
0.684652
0.685776
0.686123
0.686119
0.683744
0.681723
0.6826
0.681803
0.683632
0.684916
0.682034
0.678635
0.675207
0.673482
0.669911
0.667081
0.662877
0.663024
0.663833
0.664471
0.664427
0.665387
0.665706
0.665742
0.662538
0.662893
0.66471
0.667583
0.668715
0.668659
0.667978
0.667547
0.66907
0.671979
0.689527
0.69065
0.691025
0.691172
0.691447
0.69132
0.691571
0.69138
0.690112
0.689869
0.688283
0.689431
0.689897
0.689212
0.688905
0.688136
0.688219
0.690674
0.691276
0.691001
0.687988
0.688132
0.688239
0.688849
0.688949
0.691567
0.693205
0.693472
0.693337
0.692834
0.693647
0.693014
0.692779
0.689546
0.693125
0.693448
0.693751
0.693101
0.692512
0.692926
0.692866
0.690933
0.690371
0.691854
0.691738
0.693022
0.692683
0.691714
0.691057
0.691854
0.688817
0.689371
0.689758
0.688945
0.689016
0.690921
0.691479
0.690579
0.689622
0.689164
0.689092
0.690316
0.691268
0.691615
0.692472
0.694425
0.696489
0.698904
0.701857
0.705177
0.708509
0.712307
0.714511
0.716129
0.719269
0.724231
0.729743
0.731628
0.739228
0.747075
0.751036
0.746963
0.73217
0.725853
0.732955
0.721935
0.708668
0.685481
0.685095
0.631576
0.619221
0.625865
0.637036
0.656596
0.664813
0.620122
0.622206
0.6315
0.630161
0.640897
0.612151
0.617942
0.612323
0.60664
0.610972
0.597186
0.590025
0.575921
0.542799
0.535557
0.546433
0.580882
0.540949
0.509445
0.479412
0.447477
0.444731
0.412366
0.345345
0.312665
0.344257
0.410876
0.42655
0.414845
0.400622
0.36522
0.37439
0.368671
0.382361
0.401965
0.407126
0.480982
0.503674
0.514471
0.508991
0.47541
0.449853
0.446154
0.495947
0.542288
0.603212
0.631149
0.665706
0.661223
0.628192
0.597545
0.582201
0.590539
0.555946
0.492113
0.452228
0.402391
0.38437
0.386717
0.393847
0.429464
0.459633
0.470716
0.494249
0.496457
0.472441
0.401495
0.371616
0.3511
0.397019
0.408194
0.375602
0.368233
0.390937
0.401678
0.407221
0.408353
0.319819
0.280635
0.299801
0.318827
0.323661
0.328981
0.344767
0.362825
0.419381
0.473956
0.459242
0.400498
0.335171
0.287103
0.265212
0.228591
0.196473
0.182341
0.173258
0.166021
0.158349
0.148637
0.140415
0.136155
0.135904
0.134668
0.135039
0.134497
0.133369
0.133242
0.133449
0.134214
0.13382
0.133481
0.133122
0.13307
0.132381
0.132221
0.132018
0.131432
0.131269
0.131253
0.130611
0.130516
0.130591
0.130141
0.130121
0.129491
0.129587
0.16636
0.165403
0.203698
0.214475
0.197963
0.176785
0.15874
0.148733
0.143592
0.13922
0.169823
0.182217
0.204691
0.185513
0.16895
0.156285
0.154723
0.146322
0.139471
0.135378
0.133341
0.147186
0.141264
0.137897
0.133859
0.137363
0.186386
0.23466
0.291272
0.329348
0.343141
0.368161
0.349645
0.23419
0.190929
0.173151
0.153475
0.146581
0.147425
0.138104
0.127853
0.127419
0.125849
0.125713
0.12565
0.125793
0.125885
0.125689
0.125968
0.125761
0.125662
0.125869
0.125801
0.125685
0.126387
0.126096
0.125937
0.126136
0.126247
0.126502
0.126658
0.12665
0.126459
0.126383
0.125917
0.125658
0.125781
0.126128
0.153607
0.186099
0.199167
0.187466
0.1729
0.166818
0.1597
0.211151
0.265842
0.280026
0.256572
0.247135
0.240499
0.221589
0.203651
0.219333
0.23594
0.239706
0.224681
0.225092
0.248509
0.273673
0.269209
0.253774
0.243647
0.23476
0.227208
0.252762
0.262944
0.273306
0.284963
0.279157
0.285884
0.30285
0.306663
0.322736
0.318464
0.325841
0.327889
0.329747
0.338243
0.344273
0.352586
0.358983
0.365212
0.381345
0.410446
0.42066
0.444564
0.481392
0.496911
0.516527
0.518847
0.528806
0.553519
0.577264
0.594548
0.603718
0.607855
0.611773
0.617623
0.61838
0.620126
0.605994
0.583632
0.569201
0.57343
0.571051
0.572999
0.577459
0.580807
0.583174
0.577403
0.566882
0.560992
0.542245
0.542157
0.542105
0.536597
0.536334
0.538431
0.541774
0.543683
0.544743
0.54393
0.543623
0.543942
0.545285
0.543512
0.543289
0.545672
0.550004
0.54894
0.549063
0.548896