0.103941
0.0858003
0.11298
0.133999
0.162649
0.143213
0.0781046
0.120094
0.208018
0.182688
0.157293
0.103515
0.140375
0.146051
0.0944405
0.165551
0.138698
0.0759485
0.103316
0.122928
0.207823
0.130257
0.111693
0.145421
0.135438
0.163706
0.180866
0.194261
0.17816
0.151016
0.119955
0.129396
0.133465
0.14403
0.126383
0.125203
0.127005
0.139881
0.190001
0.108377
0.136426
0.0859637
0.0738243
0.204998
0.126303
0.115244
0.0953451
0.0904352
0.145799
0.159967
0.0789096
0.144421
0.0735733
0.165344
0.14389
0.116806
0.0640363
0.0559023
0.14629
0.101925
0.0848796
0.0819504
0.071477
0.160912
0.106747
0.0966603
0.115714
0.0969313
0.157516
0.112829
0.105472
0.131102
0.108453
0.14827
0.117053
0.0844572
0.0977722
0.0919417
0.137502
0.157225
0.14354
0.0835964
0.12347
0.155456
0.183086
0.197027
0.20585
0.268978
0.294568
0.27814
0.307608
0.32657
0.377184
0.397238
0.375498
0.390256
0.341184
0.347669
0.441914
0.42551
0.368739
0.0749482
0.127379
0.199709
0.184134
0.183764
0.107771
0.0894827
0.139495
0.0921768
0.0912641
0.0861868
0.314299
0.425662
0.440387
0.302419
0.214391
0.152451
0.1989
0.251423
0.186924
0.212526
0.131636
0.205747
0.140969
0.154368
0.134122
0.133046
0.181628
0.087502
0.120855
0.107608
0.103957
0.218867
0.147641
0.17618
0.116264
0.119951
0.248099
0.235426
0.186569
0.128965
0.130886
0.287406
0.200793
0.1773
0.201192
0.129571
0.266483
0.199821
0.199884
0.183246
0.14344
0.213777
0.226538
0.149621
0.0958114
0.102124
0.223067
0.181819
0.169241
0.168289
0.207775
0.286773
0.213678
0.159114
0.200434
0.133162
0.227738
0.126506
0.099741
0.113869
0.151558
0.209696
0.189666
0.179663
0.182361
0.115917
0.0816555
0.106006
0.221959
0.0986171
0.111984
0.0960266
0.0877013
0.228491
0.171441
0.127363
0.154659
0.167476
0.256895
0.229766
0.118779
0.103252
0.0936713
0.224845
0.113092
0.0868843
0.0600351
0.147318
0.228949
0.216065
0.21905
0.151993
0.143321
0.130715
0.321417
0.247274
0.13042
0.142488
0.13144
0.239945
0.152555
0.135175
0.122234
0.112721
0.218731
0.12005
0.135992
0.128515
0.12824
0.189359
0.110876
0.150526
0.17875
0.142524
0.23904
0.15269
0.140539
0.140973
0.101598
0.229304
0.114538
0.0810099
0.110198
0.112522
0.183529
0.211386
0.144807
0.145899
0.135238
0.305595
0.19613
0.183393
0.182038
0.138929
0.260685
0.152288
0.164666
0.162761
0.117878
0.197003
0.159724
0.199036
0.150925
0.151586
0.190806
0.201578
0.114088
0.155707
0.0751714
0.172127
0.0822812
0.114311
0.152933
0.143584
0.149765
0.158505
0.109716
0.115324
0.10216
0.243584
0.146266
0.173159
0.154424
0.0971545
0.162378
0.061677
0.153188
0.110023
0.148171
0.219648
0.151698
0.159812
0.157536
0.137219
0.215276
0.237386
0.276359
0.383608
0.3152
0.401112
0.502642
0.590901
0.635035
0.547649
0.509214
0.482815
0.552068
0.577969
0.570544
0.546178
0.547501
0.56628
0.542954
0.567579
0.572071
0.537821
0.510856
0.498757
0.514451
0.507353
0.447473
0.49238
0.48706
0.408855
0.442017
0.457321
0.451024
0.442364
0.431978
0.399781
0.365535
0.398254
0.357313
0.394154
0.302351
0.334569
0.371887
0.409302
0.427411
0.35766
0.393249
0.411522
0.420632
0.384788
0.416714
0.447593
0.412
0.3782
0.368066
0.330205
0.32278
0.383477
0.360063
0.337191
0.375841
0.325825
0.392902
0.422358
0.374861
0.312634
0.268659
0.285238
0.232903
0.301435
0.331042
0.300183
0.261526
0.244883
0.27227
0.27781
0.277881
0.257457
0.245166
0.256468
0.234573
0.241627
0.178678
0.20499
0.160402
0.15159
0.174908
0.21357
0.177148
0.215491
0.282229
0.319644
0.346178
0.364267
0.381592
0.402005
0.343576
0.341376
0.260035
0.248258
0.230524
0.143273
0.170357
0.113482
0.129336
0.103551
0.0795154
0.0783557
0.100793
0.105344
0.131249
0.137833
0.121828
0.116886
0.117715
0.170584
0.239455
0.221752
0.28219
0.260446
0.289124
0.254982
0.197493
0.151367
0.139578
0.107074
0.101259
0.0719233
0.0468317
0.0878248
0.094281
0.111406
0.109138
0.11944
0.101686
0.182528
0.167061
0.232006
0.213494
0.264523
0.240316
0.277726
0.215555
0.20167
0.157429
0.146891
0.139714
0.195166
0.143253
0.118775
0.120636
0.102527
0.121381
0.164483
0.131261
0.12111
0.110717
0.12512
0.117129
0.106365
0.118488
0.0997091
0.0998725
0.132213
0.0638331
0.0917065
0.0681731
0.0459549
0.0669974
0.134294
0.21791
0.181412
0.158688
0.134417
0.129228
0.166089
0.126622
0.136378
0.125187
0.109433
0.114535
0.100375
0.0848996
0.0732823
0.0940937
0.163977
0.166491
0.123792
0.068205
0.0603101
0.0856847
0.127248
0.0991033
0.121345
0.141372
0.194735
0.114375
0.142902
0.158058
0.115985
0.156241
0.0836322
0.0925873
0.112111
0.117723
0.139411
0.113267
0.091842
0.0970269
0.0936474
0.159816
0.140834
0.128208
0.156062
0.147429
0.179743
0.107504
0.150526
0.14193
0.134955
0.117017
0.146883
0.137183
0.138044
0.10157
0.0853499
0.135222
0.123848
0.122872
0.129878
0.180982
0.141033
0.138602
0.12215
0.130663
0.22174
0.16074
0.152339
0.163805
0.133887
0.245102
0.12832
0.107449
0.210772
0.224454
0.278348
0.183652
0.18095
0.168763
0.137518
0.144385
0.135477
0.10534
0.0829348
0.180412
0.189
0.158529
0.179747
0.180783
0.194863
0.220194
0.221772
0.211828
0.222039
0.144568
0.153559
0.128017
0.118663
0.111
0.105368
0.118703
0.150897
0.130942
0.138176
0.149127
0.174932
0.13197
0.144919
0.0828551
0.130121
0.176391
0.164857
0.0975092
0.117567
0.0790212
0.123824
0.114248
0.132337
0.147011
0.0940818
0.131739
0.175889
0.0980113
0.118066
0.0856687
0.126307
0.0773354
0.103463
0.0904591
0.0955245
0.127746
0.121712
0.114821
0.112606
0.142424
0.229579
0.163526
0.122035
0.178344
0.198446
0.265595
0.228938
0.235701
0.253431
0.294349
0.337645
0.3392
0.334756
0.332927
0.260366
0.210477
0.326144
0.352029
0.225905
0.268886
0.271413
0.182951
0.18533
0.212187
0.164825
0.18847
0.154523
0.124079
0.145381
0.143185
0.206807
0.149203
0.119791
0.120433
0.109114
0.137697
0.0787143
0.0558146
0.0705882
0.0511717
0.159083
0.0626255
0.0555197
0.069022
0.0751315
0.151586
0.097294
0.0822573
0.0853738
0.0805277
0.206883
0.0715009
0.094572
0.111669
0.110111
0.174609
0.115854
0.0720827
0.0602343
0.0713295
0.126467
0.0923442
0.0567432
0.053543
0.0420014
0.197669
0.128268
0.0667783
0.0671011
0.0819265
0.171011
0.0813765
0.0525307
0.0727204
0.0494859
0.141487
0.0923123
0.0764546
0.0935079
0.106723
0.112797
0.0741113
0.0711023
0.0538339
0.0532361
0.138937
0.0811693
0.070915
0.0755739
0.0414515
0.210218
0.12547
0.0952575
0.132469
0.123952
0.302865
0.131699
0.155827
0.151889
0.120795
0.272154
0.127842
0.203834
0.0854934
0.144389
0.233246
0.144189
0.0968755
0.0940977
0.0974255
0.250068
0.132349
0.149446
0.172525
0.124083
0.244763
0.186557
0.141858
0.0876495
0.0830583
0.223561
0.0796987
0.216651
0.138749
0.110577
0.117504
0.0958911
0.17659
0.088861
0.0782122
0.0490236
0.101853
0.200749
0.085589
0.0829308
0.0987486
0.084238
0.203678
0.0856847
0.0803085
0.0805914
0.0635541
0.26522
0.126941
0.0986051
0.0739997
0.0401323
0.107289
0.085593
0.104268
0.086697
0.0783955
0.135609
0.0854735
0.151905
0.0979954
0.117033
0.247517
0.189184
0.202487
0.201216
0.117021
0.248003
0.143089
0.11098
0.0942332
0.0372111
0.24519
0.113654
0.10644
0.101518
0.094827
0.244711
0.16257
0.123358
0.0582178
0.109465
0.229005
0.138028
0.071186
0.106253
0.0710306
0.151431
0.139702
0.0672525
0.0626016
0.0426391
0.109354
0.111294
0.105472
0.115822
0.0702415
0.236326
0.0954129
0.0601068
0.062773
0.0508608
0.172569
0.0947593
0.0900646
0.071206
0.0777339
0.124063
0.0908816
0.0677467
0.0865375
0.0536426
0.140909
0.0874263
0.0589351
0.0958911
0.0874781
0.153563
0.0748007
0.111338
0.0837279
0.0567272
0.20043
0.119919
0.128081
0.0763749
0.054352
0.122661
0.141575
0.150853
0.135362
0.128356
0.212438
0.135366
0.142384
0.103941
0.107345
0.185151
0.053806
0.203663
0.266794
0.279547
0.353539
0.32661
0.298505
0.314016
0.291826
0.365451
0.324374
0.237175
0.182831
0.21909
0.255627
0.398888
0.400797
0.527009
0.451327
0.476048
0.510302
0.492946
0.539654
0.573254
0.549438
0.512673
0.455316
0.486131
0.459302
0.445357
0.316312
0.473394
0.389088
0.348749
0.487881
0.553236
0.549976
0.481233
0.471608
0.458393
0.413917
0.432437
0.458887
0.485426
0.49519
0.460641
0.498171
0.399578
0.482532
0.480882
0.480866
0.442802
0.389463
0.399103
0.439821
0.448577
0.392639
0.375116
0.318073
0.308808
0.350917
0.364857
0.398617
0.408632
0.38684
0.389917
0.357564
0.402742
0.384919
0.404248
0.38325
0.403431
0.413128
0.38531
0.373394
0.376239
0.325582
0.352702
0.367368
0.378475
0.399629
0.448505
0.454165
0.468747
0.396744
0.381807
0.410039
0.411358
0.410051
0.425984
0.386625
0.390674
0.340718
0.285924
0.281958
0.290595
0.309055
0.301112
0.234963
0.262458
0.234908
0.237092
0.232309
0.25705
0.265523
0.285414
0.266699
0.306321
0.245592
0.256899
0.244452
0.214598
0.191125
0.242779
0.322306
0.30265
0.361741
0.325833
0.307863
0.375534
0.398167
0.390778
0.392775
0.338546
0.259672
0.287247
0.246768
0.228607
0.173011
0.157046
0.104974
0.0817113
0.0668301
0.0495178
0.0790092
0.0940698
0.12288
0.141093
0.186103
0.150275
0.122398
0.165363
0.20656
0.165953
0.14894
0.167348
0.149239
0.179209
0.154551
0.151678
0.20911
0.14193
0.201706
0.152949
0.166077
0.142691
0.129671
0.168906
0.12669
0.0863064
0.134951
0.136438
0.194464
0.163674
0.130831
0.0998844
0.127861
0.123135
0.0989877
0.123545
0.15752
0.131608
0.269046
0.175554
0.141487
0.172095
0.133975
0.111031
0.0797107
0.160832
0.116958
0.153152
0.14464
0.138622
0.157911
0.128208
0.132473
0.141798
0.156739
0.301044
0.290021
0.330233
0.244859
0.175008
0.164072
0.149693
0.117213
0.0952176
0.113403
0.057608
0.147621
0.172597
0.171856
0.201518
0.154495
0.166718
0.115471
0.178308
0.193456
0.164774
0.196915
0.15165
0.176718
0.198876
0.185717
0.190933
0.161458
0.178957
0.197362
0.175952
0.177511
0.136749
0.178778
0.168906
0.204264
0.190539
0.164359
0.134138
0.130022
0.266408
0.112789
0.145397
0.115084
0.168305
0.122517
0.164554
0.178256
0.166591
0.189471
0.169385
0.10705
0.101319
0.0941894
0.12447
0.164602
0.169648
0.152033
0.130328
0.138749
0.220815
0.245345
0.219747
0.183301
0.168305
0.167791
0.179129
0.194919
0.193982
0.152598
0.176893
0.102144
0.136035
0.141942
0.154408
0.24841
0.254623
0.24356
0.298888
0.279587
0.325422
0.306783
0.261414
0.27178
0.203128
0.288466
0.284067
0.250147
0.295724
0.249837
0.179201
0.164132
0.207775
0.152268
0.145584
0.248482
0.24556
0.231301
0.198422
0.21473
0.254057
0.14621
0.157915
0.0892077
0.169436
0.19342
0.127889
0.135673
0.128451
0.0905428
0.155536
0.105133
0.0947952
0.068472
0.0565559
0.184959
0.0599075
0.137932
0.119528
0.101323
0.228834
0.174753
0.117472
0.114925
0.143739
0.238598
0.129623
0.149609
0.0843337
0.0954009
0.183529
0.175877
0.104667
0.122418