0.144831
0.165073
0.184641
0.197685
0.185541
0.184003
0.185501
0.191495
0.192559
0.187905
0.184796
0.183325
0.183999
0.180049
0.179404
0.178706
0.179177
0.179691
0.197669
0.210585
0.228216
0.22109
0.216424
0.231317
0.238849
0.24024
0.24733
0.245572
0.237378
0.229806
0.222477
0.217974
0.217085
0.2173
0.217504
0.2164
0.213219
0.211733
0.211617
0.212466
0.213781
0.213231
0.212438
0.21408
0.21418
0.213853
0.214762
0.214443
0.210689
0.210756
0.212239
0.213423
0.213582
0.213004
0.211569
0.211346
0.209577
0.21911
0.230022
0.236087
0.225446
0.218855
0.215523
0.215427
0.217229
0.217715
0.217619
0.218496
0.214024
0.213722
0.220509
0.225881
0.231137
0.230029
0.229133
0.224183
0.221401
0.220238
0.225614
0.234493
0.249442
0.248549
0.256317
0.275925
0.296202
0.31404
0.333317
0.348517
0.354081
0.357484
0.365256
0.37394
0.377897
0.383441
0.383983
0.383337
0.38578
0.385525
0.387881
0.389347
0.387865
0.388618
0.409457
0.433425
0.4512
0.471051
0.476777
0.476769
0.479009
0.473948
0.469855
0.465595
0.46455
0.457548
0.456213
0.455253
0.454141
0.462115
0.492348
0.52007
0.537235
0.561553
0.574414
0.592209
0.59293
0.596612
0.60375
0.609633
0.621353
0.615882
0.610709
0.603846
0.603754
0.604667
0.601387
0.600945
0.600769
0.599315
0.598306
0.599044
0.601216
0.603571
0.604719
0.614391
0.613506
0.613737
0.61467
0.615937
0.619668
0.621421
0.622569
0.623641
0.62459
0.628455
0.629834
0.630137
0.629838
0.630261
0.624984
0.624709
0.62449
0.62512
0.630831
0.643827
0.647095
0.651686
0.654579
0.655512
0.657385
0.657337
0.657373
0.657604
0.657461
0.656516
0.657333
0.655978
0.656388
0.655902
0.656034
0.656488
0.655862
0.656165
0.65695
0.656504
0.656293
0.656396
0.657476
0.656751
0.656496
0.656054
0.655755
0.655568
0.655352
0.655293
0.654519
0.651793
0.652491
0.653435
0.653503
0.654264
0.652598
0.652965
0.652758
0.652698
0.652048
0.652005
0.651829
0.651072
0.651088
0.651682
0.651813
0.652172
0.651451
0.651447
0.651925
0.652088
0.651777
0.650594
0.650897
0.650773
0.650387
0.650175
0.649215
0.649853
0.650403
0.649231
0.649502
0.651945
0.650869
0.649044
0.650203
0.649693
0.647378
0.648613
0.648725
0.647581
0.648227
0.65332
0.6533
0.653332
0.652989
0.652507
0.652435
0.653037
0.65228
0.65173
0.650422
0.64772
0.647561
0.648115
0.6478
0.648242
0.648219
0.647481
0.647724
0.648649
0.648645
0.649705
0.648653
0.649454
0.65116
0.650877
0.647928
0.647425
0.646505
0.647581
0.647685
0.646098
0.6467
0.647003
0.647784
0.648191
0.647649
0.647378
0.648354
0.649044
0.64996
0.649538
0.650793
0.651379
0.652017
0.652355
0.6522
0.652598
0.653918
0.655759
0.657859
0.658481
0.660386
0.664435
0.668249
0.671007
0.674781
0.678977
0.686474
0.694632
0.701399
0.706241
0.711127
0.714112
0.716667
0.721656
0.730173
0.72331
0.704049
0.698238
0.694154
0.696393
0.700466
0.689355
0.665858
0.646102
0.634055
0.648462
0.664782
0.681624
0.69022
0.668655
0.634573
0.608919
0.609099
0.613415
0.605269
0.594807
0.600713
0.598258
0.597198
0.571569
0.532457
0.531022
0.552471
0.572637
0.598721
0.605468
0.595764
0.602539
0.637422
0.630532
0.613913
0.589909
0.554296
0.555958
0.54297
0.559521
0.580886
0.586593
0.549315
0.490164
0.443201
0.409381
0.360541
0.313283
0.296314
0.292966
0.30212
0.336765
0.316447
0.299311
0.272135
0.249797
0.273306
0.279778
0.274797
0.256899
0.243528
0.220991
0.23906
0.242942
0.25318
0.234063
0.204882
0.184513
0.216069
0.215766
0.232919
0.230508
0.233417
0.251176
0.268141
0.280994
0.342013
0.422876
0.496055
0.435808
0.335015
0.273689
0.239236
0.213423
0.194604
0.183656
0.170154
0.162323
0.151674
0.138694
0.132158
0.133166
0.133022
0.131628
0.131663
0.130635
0.135023
0.254069
0.2447
0.272326
0.287004
0.335015
0.361247
0.306851
0.237905
0.210844
0.191507
0.172398
0.159099
0.159904
0.147449
0.14228
0.141942
0.141093
0.140798
0.140471
0.147844
0.209864
0.274825
0.344931
0.417918
0.474063
0.510194
0.528097
0.488722
0.441619
0.266041
0.248179
0.253376
0.228678
0.209142
0.177873
0.163351
0.155759
0.146345
0.142376
0.138375
0.136466
0.13476
0.135027
0.135183
0.134242
0.134573
0.135314
0.135155
0.134334
0.134302
0.134672
0.134262
0.134314
0.159525
0.205121
0.226443
0.213363
0.188172
0.175546
0.175921
0.171692
0.15911
0.170182
0.158015
0.148203
0.140332
0.137749
0.135888
0.134521
0.136255
0.144739
0.138076
0.13631
0.134967
0.132628
0.132249
0.166308
0.219935
0.189435
0.165447
0.151383
0.14721
0.142775
0.130866
0.128754
0.128738
0.160238
0.169719
0.155938
0.138132
0.143508
0.143309
0.138227
0.132572
0.131444
0.148609
0.14175
0.140029
0.138486
0.138275
0.135816
0.150689
0.196792
0.215136
0.195222
0.177128
0.158999
0.15053
0.148151
0.146098
0.135721
0.129189
0.128898
0.129125
0.12938
0.129511
0.128547
0.128754
0.128571
0.128619
0.128802
0.129129
0.129005
0.129001
0.129842
0.173653
0.174685
0.188753
0.241001
0.258505
0.254424
0.223896
0.193815
0.176869
0.173605
0.200562
0.213247
0.192994
0.177399
0.170441
0.166483
0.16418
0.162095
0.15911
0.157871
0.155109
0.184238
0.185633
0.1902
0.186143
0.193432
0.18906
0.184397
0.181711
0.176694
0.173422
0.169903
0.166244
0.165646
0.164929
0.165088
0.166551
0.166511
0.166766
0.166224
0.165623
0.165619
0.165826
0.166137
0.166161
0.16736
0.168675
0.168456
0.167571
0.166858
0.167468
0.181377
0.184656
0.183911
0.181584
0.180197
0.178563
0.178037
0.177507
0.175865
0.176367
0.176104
0.176606
0.187359
0.215144
0.261278
0.310007
0.343058
0.38193
0.415467
0.449127
0.483596
0.524438
0.575379
0.612004
0.606317
0.635661
0.670281
0.66518
0.671393
0.68865
0.715491
0.720349
0.730452
0.73965
0.746911
0.74947
0.740894
0.724295
0.702694
0.701
0.704727
0.697378
0.697166
0.693408
0.692687
0.696636
0.696449
0.696035
0.700267
0.699948
0.705053
0.705651
0.70652
0.704766
0.699793
0.697218
0.695214
0.693221
0.690933
0.688945
0.68541
0.683098
0.680803
0.680105
0.678487
0.674326
0.674486
0.674538
0.675323
0.673374
0.672956
0.673043
0.671812
0.673111
0.673916
0.675841
0.675311
0.67488
0.675251
0.675897
0.6772
0.674299
0.673792
0.673753
0.674996
0.673968
0.673896
0.672788
0.672716
0.671234
0.669277
0.669859
0.669803
0.668958
0.67078
0.673119
0.672673
0.673956
0.674833
0.675024
0.674263
0.673956
0.672892
0.673103
0.672932
0.673258
0.673131
0.673553
0.673733
0.676184
0.681819
0.682751
0.682839
0.683521
0.683632
0.684409
0.683804
0.68268
0.682847
0.682767
0.68317
0.683576
0.684182
0.684509
0.684254
0.683357
0.683082
0.682755
0.683373
0.683222
0.681516
0.682229
0.683576
0.683756
0.6838
0.683401
0.681679
0.68144
0.681759
0.683377
0.683812
0.684106
0.683632
0.683038
0.683505
0.684202
0.683186
0.683377
0.682632
0.683022
0.683198
0.683469
0.684501
0.685633
0.685988
0.68598
0.683505
0.681524
0.682433
0.681644
0.683473
0.684784
0.681895
0.678539
0.675159
0.67349
0.670046
0.667229
0.66308
0.663052
0.663841
0.664375
0.664355
0.6653
0.665603
0.665646
0.66243
0.662789
0.664618
0.667488
0.668623
0.668496
0.66783
0.667384
0.668902
0.671824
0.689267
0.690355
0.690742
0.690901
0.691168
0.691021
0.691248
0.691037
0.689746
0.689538
0.687932
0.689112
0.68955
0.688913
0.688578
0.687793
0.687893
0.69034
0.690953
0.690623
0.687614
0.687769
0.687901
0.688498
0.688614
0.691208
0.692842
0.693117
0.692962
0.692476
0.693281
0.692659
0.692464
0.689248
0.692822
0.693129
0.693428
0.692767
0.692153
0.692579
0.692508
0.690567
0.690017
0.691499
0.691396
0.692695
0.692356
0.691392
0.69077
0.691535
0.688542
0.689092
0.689451
0.68865
0.68871
0.690579
0.691157
0.690328
0.689367
0.688905
0.688837
0.690073
0.691025
0.691392
0.6923
0.694169
0.696266
0.698673
0.701646
0.705022
0.708282
0.712004
0.714176
0.715874
0.718926
0.723693
0.728898
0.730894
0.738267
0.745943
0.750116
0.745728
0.730659
0.72441
0.731711
0.720776
0.707429
0.684645
0.684549
0.630926
0.61803
0.62388
0.635202
0.654559
0.663156
0.618651
0.620967
0.630149
0.628957
0.639431
0.611346
0.616667
0.611031
0.605886
0.610007
0.595704
0.588474
0.574685
0.54085
0.533875
0.544775
0.579376
0.539973
0.508883
0.478463
0.44629
0.444444
0.412534
0.34564
0.312275
0.342775
0.409521
0.42661
0.414802
0.400546
0.365096
0.372864
0.366647
0.380249
0.399988
0.40554
0.479308
0.502395
0.512271
0.507433
0.473912
0.448581
0.445046
0.495178
0.540989
0.601487
0.629711
0.663933
0.659676
0.627208
0.596557
0.581054
0.589204
0.555185
0.49124
0.451483
0.400988
0.38311
0.385629
0.392842
0.428467
0.458274
0.469381
0.492551
0.494867
0.471182
0.400331
0.37007
0.350259
0.396716
0.407417
0.374741
0.367767
0.390268
0.400813
0.405938
0.40664
0.318731
0.280237
0.299295
0.317659
0.322768
0.327933
0.343604
0.362247
0.418205
0.471967
0.458457
0.399797
0.334764
0.287215
0.26516
0.228682
0.196461
0.182106
0.172952
0.165539
0.158034
0.148426
0.1403
0.136163
0.135916
0.134728
0.135107
0.134561
0.133469
0.133321
0.133568
0.134274
0.133883
0.133537
0.133174
0.133126
0.132405
0.132245
0.132046
0.131464
0.131289
0.131305
0.130667
0.130571
0.130639
0.130189
0.130165
0.129527
0.129627
0.166559
0.165352
0.203344
0.213339
0.197234
0.176208
0.158445
0.148306
0.143588
0.139228
0.169827
0.181691
0.20426
0.185318
0.168412
0.156157
0.154503
0.146059
0.139475
0.135414
0.133377
0.147314
0.141232
0.138012
0.133911
0.13741
0.186601
0.234856
0.291531
0.329336
0.342149
0.366268
0.348541
0.233525
0.190387
0.172999
0.153184
0.146302
0.147206
0.137956
0.127921
0.127483
0.125913
0.125769
0.125721
0.125869
0.125964
0.125769
0.12604
0.125825
0.125725
0.125937
0.125865
0.125741
0.126459
0.12616
0.126
0.126196
0.126315
0.126562
0.126718
0.126706
0.12651
0.126435
0.12598
0.125721
0.125845
0.126192
0.15367
0.185904
0.198593
0.187191
0.173091
0.166766
0.15978
0.21135
0.266196
0.280328
0.256907
0.247637
0.240678
0.221744
0.203858
0.219269
0.235529
0.239084
0.224613
0.225319
0.248151
0.273215
0.268743
0.253336
0.243392
0.234397
0.226917
0.252323
0.262211
0.272529
0.283847
0.278392
0.285159
0.302503
0.306695
0.322577
0.318496
0.325697
0.327738
0.329276
0.337227
0.343077
0.351526
0.357855
0.3642
0.38032
0.409206
0.41948
0.443209
0.479635
0.494911
0.514491
0.516782
0.526706
0.551471
0.575227
0.592599
0.601881
0.606121
0.610254
0.616117
0.616754
0.618508
0.6044
0.582596
0.568508
0.572449
0.569994
0.571923
0.576439
0.579806
0.58205
0.57651
0.566228
0.560438
0.541794
0.541679
0.541607
0.535772
0.535469
0.537542
0.540842
0.542731
0.543783
0.54295
0.542651
0.542942
0.544269
0.542476
0.54228
0.544692
0.548988
0.547912
0.548043
0.547844