0.0745018
0.089957
0.122497
0.217241
0.212558
0.152555
0.0886378
0.139606
0.210179
0.191388
0.174255
0.141324
0.184258
0.16626
0.115826
0.158899
0.136701
0.0772238
0.140379
0.132249
0.202379
0.203176
0.15599
0.214256
0.144719
0.177638
0.200885
0.185633
0.201152
0.139303
0.130161
0.12873
0.125534
0.156185
0.118795
0.137366
0.159266
0.167332
0.21302
0.150088
0.143552
0.0899171
0.0735733
0.205145
0.125195
0.106249
0.084501
0.0992348
0.143026
0.196875
0.0959549
0.154085
0.0922206
0.195552
0.177985
0.142611
0.102846
0.0999044
0.150379
0.120564
0.108405
0.0704926
0.0771043
0.142695
0.0967241
0.0995337
0.0984258
0.0850391
0.15098
0.10155
0.11911
0.166734
0.111211
0.157576
0.1262
0.104013
0.10216
0.111868
0.196357
0.185131
0.175064
0.120469
0.153236
0.194847
0.180906
0.206281
0.226375
0.271668
0.328132
0.268875
0.305026
0.32838
0.388299
0.373964
0.384489
0.383258
0.362263
0.34996
0.428348
0.411649
0.404129
0.18484
0.176239
0.243073
0.156225
0.175654
0.162538
0.135888
0.19501
0.122704
0.127407
0.160992
0.395425
0.438977
0.466726
0.285418
0.240092
0.183329
0.224904
0.271441
0.216404
0.234656
0.153164
0.239455
0.154101
0.201164
0.124833
0.115834
0.248167
0.154476
0.181297
0.148828
0.125088
0.253655
0.173059
0.191511
0.112263
0.107194
0.237139
0.19142
0.171589
0.124956
0.119062
0.299837
0.201949
0.161067
0.195604
0.155906
0.275363
0.254376
0.23264
0.20927
0.168998
0.254324
0.254244
0.186043
0.12398
0.134557
0.254416
0.213359
0.217177
0.176965
0.236103
0.2923
0.198187
0.230368
0.212111
0.191324
0.206193
0.173936
0.161394
0.148928
0.180695
0.221947
0.195182
0.177108
0.180914
0.152467
0.133015
0.11031
0.224996
0.140662
0.142272
0.111936
0.104882
0.22673
0.183242
0.128686
0.187717
0.201012
0.289355
0.244106
0.140658
0.150458
0.0851785
0.171158
0.121118
0.120194
0.106261
0.175486
0.279519
0.213797
0.238853
0.144548
0.157728
0.14236
0.311661
0.249183
0.170337
0.160653
0.144154
0.278399
0.195098
0.160792
0.151905
0.139164
0.239475
0.139678
0.150964
0.146883
0.151614
0.241651
0.173322
0.161398
0.169576
0.158521
0.230193
0.166436
0.164877
0.170102
0.0977084
0.295102
0.174103
0.194189
0.163064
0.140882
0.274789
0.226295
0.2325
0.199036
0.151028
0.314945
0.20982
0.167029
0.185669
0.140543
0.2553
0.139558
0.200674
0.17011
0.144572
0.222896
0.185988
0.211952
0.155886
0.13596
0.239929
0.263598
0.137745
0.211143
0.0980831
0.22512
0.180368
0.140929
0.180352
0.142818
0.226196
0.20161
0.142296
0.148039
0.167615
0.298992
0.237307
0.205878
0.19847
0.161996
0.221481
0.143902
0.191734
0.187733
0.17023
0.292527
0.20204
0.163235
0.20856
0.197143
0.254691
0.260083
0.336589
0.390762
0.316822
0.406803
0.277754
0.494078
0.627846
0.563407
0.546589
0.5435
0.513152
0.582628
0.57541
0.581731
0.556452
0.556237
0.539937
0.583716
0.55314
0.561725
0.504256
0.519293
0.522425
0.500494
0.44847
0.495361
0.499008
0.437056
0.450426
0.434593
0.496238
0.494154
0.452284
0.427168
0.396298
0.39894
0.442133
0.437279
0.376212
0.331923
0.281679
0.374757
0.427411
0.370285
0.431815
0.435764
0.45065
0.359959
0.460545
0.458588
0.434051
0.372346
0.381161
0.354169
0.315826
0.413949
0.362147
0.348641
0.365013
0.37064
0.394576
0.404982
0.394688
0.318978
0.293544
0.277335
0.260238
0.32001
0.337052
0.319978
0.282799
0.232983
0.270843
0.284912
0.309358
0.273346
0.264311
0.277092
0.267284
0.235952
0.225052
0.224617
0.203101
0.143484
0.182696
0.228957
0.219476
0.197445
0.297067
0.305898
0.357154
0.36412
0.367703
0.439443
0.377128
0.369253
0.280161
0.284393
0.232496
0.201642
0.212534
0.1587
0.182919
0.137374
0.116866
0.110019
0.123984
0.110039
0.134601
0.139538
0.135744
0.135477
0.138502
0.195293
0.242703
0.240029
0.269624
0.316196
0.354236
0.267209
0.218635
0.147888
0.159923
0.147565
0.131058
0.0983062
0.0902519
0.131946
0.102734
0.110733
0.103308
0.11461
0.105257
0.170887
0.175618
0.238586
0.251678
0.311119
0.34613
0.292675
0.27926
0.221198
0.189515
0.168189
0.148143
0.202853
0.163144
0.149562
0.142834
0.113132
0.142747
0.171469
0.156253
0.138144
0.122433
0.124063
0.123505
0.109975
0.118062
0.108592
0.114578
0.133389
0.0676391
0.105747
0.0805237
0.0650287
0.0932329
0.14181
0.235621
0.191168
0.159429
0.147174
0.134294
0.192189
0.152088
0.142125
0.13038
0.114885
0.130014
0.123633
0.119492
0.116109
0.103782
0.1771
0.170831
0.153376
0.0916707
0.0983979
0.114024
0.146963
0.118392
0.155767
0.161394
0.204169
0.134951
0.148223
0.146692
0.101518
0.146864
0.087777
0.121397
0.115463
0.133792
0.13977
0.0917862
0.0814044
0.075534
0.106815
0.163231
0.153483
0.162526
0.152714
0.184772
0.202208
0.140084
0.140802
0.228156
0.132871
0.166643
0.135159
0.151204
0.165224
0.140834
0.120847
0.139622
0.128818
0.152674
0.156576
0.210047
0.177969
0.17457
0.144536
0.157811
0.229117
0.182265
0.177319
0.189515
0.141161
0.251574
0.214742
0.152953
0.213909
0.258381
0.25709
0.202407
0.200685
0.189985
0.131106
0.165953
0.150705
0.133393
0.111219
0.176479
0.213921
0.193588
0.191005
0.180201
0.195831
0.235314
0.208509
0.19389
0.220349
0.202869
0.232078
0.161035
0.136263
0.152124
0.133792
0.139694
0.146728
0.119791
0.116699
0.139857
0.157751
0.11748
0.162542
0.110928
0.15385
0.201291
0.174219
0.132999
0.155934
0.137753
0.170907
0.130201
0.14619
0.161454
0.109959
0.183098
0.216758
0.107114
0.142818
0.108357
0.154986
0.120875
0.101638
0.127264
0.079085
0.11353
0.099179
0.0883987
0.098924
0.133839
0.220421
0.21406
0.183433
0.182584
0.218675
0.245528
0.190096
0.239395
0.261944
0.311354
0.352371
0.280807
0.34464
0.301953
0.32618
0.367543
0.257887
0.347673
0.233959
0.244373
0.284218
0.19293
0.200207
0.231169
0.208843
0.22225
0.186884
0.19307
0.163921
0.162498
0.260605
0.194046
0.190515
0.161398
0.140523
0.199044
0.114833
0.0742308
0.0770126
0.0627092
0.19089
0.0816196
0.0681054
0.08804
0.0955603
0.204201
0.149183
0.106755
0.0986888
0.0889726
0.240858
0.146836
0.141838
0.130986
0.116527
0.239152
0.118524
0.0778336
0.0733062
0.059226
0.153523
0.140228
0.0907979
0.0540212
0.0463056
0.199083
0.151698
0.0647258
0.0854655
0.0791447
0.239542
0.113837
0.0807987
0.0774191
0.0588793
0.189375
0.0821537
0.0980791
0.0957118
0.0772079
0.225235
0.1543
0.17125
0.13085
0.0650725
0.233485
0.199442
0.10006
0.143022
0.0896302
0.290204
0.160214
0.124597
0.169444
0.118639
0.321094
0.190308
0.176602
0.172609
0.111542
0.294707
0.212661
0.206847
0.120831
0.206656
0.300865
0.226606
0.144006
0.146828
0.105412
0.271569
0.168034
0.145038
0.183975
0.155181
0.27881
0.229125
0.109334
0.121505
0.129069
0.273242
0.134923
0.284401
0.146971
0.153216
0.115579
0.138024
0.233832
0.105121
0.110705
0.081795
0.131911
0.251546
0.164714
0.111247
0.124725
0.0917862
0.26634
0.126522
0.127527
0.111797
0.104296
0.279647
0.162984
0.124406
0.132038
0.123565
0.206731
0.126204
0.155097
0.145831
0.121078
0.207979
0.167866
0.195616
0.105101
0.114435
0.22378
0.171868
0.185509
0.190913
0.155866
0.319775
0.223482
0.141117
0.158066
0.0513391
0.286569
0.170648
0.178001
0.143512
0.146545
0.290611
0.201925
0.168651
0.169504
0.177953
0.260234
0.192799
0.107221
0.103053
0.0833572
0.240136
0.177172
0.10118
0.0789216
0.0658975
0.213439
0.13317
0.101845
0.0925275
0.0826957
0.226674
0.103782
0.0673123
0.0721066
0.0515025
0.186653
0.117795
0.126889
0.0888889
0.0950941
0.199207
0.124458
0.102327
0.0999322
0.0696796
0.211378
0.1227
0.0996333
0.143054
0.0612147
0.214072
0.121453
0.143026
0.134975
0.0563725
0.257867
0.165395
0.134481
0.106528
0.0657381
0.158967
0.156891
0.13476
0.101487
0.131257
0.211478
0.12555
0.12814
0.125685
0.137614
0.174378
0.0672445
0.187355
0.257947
0.273494
0.363267
0.339327
0.294289
0.304181
0.281863
0.290459
0.25283
0.247916
0.240774
0.304073
0.323494
0.329587
0.386047
0.525016
0.436167
0.479926
0.482389
0.506388
0.597689
0.502068
0.54566
0.531022
0.432221
0.49289
0.449171
0.448422
0.340431
0.452567
0.408744
0.403814
0.502427
0.536482
0.569293
0.531723
0.482672
0.496895
0.463259
0.427455
0.48274
0.500865
0.470983
0.469927
0.460035
0.424586
0.476706
0.527893
0.494755
0.472525
0.461458
0.362833
0.380069
0.473816
0.403057
0.347414
0.323828
0.31514
0.368763
0.37496
0.388582
0.403455
0.433696
0.397242
0.371031
0.416467
0.387351
0.427634
0.439535
0.430448
0.428902
0.401925
0.402754
0.385202
0.359469
0.369676
0.385733
0.379794
0.4479
0.460334
0.468883
0.462881
0.421537
0.410689
0.425941
0.452865
0.448976
0.414128
0.359788
0.398358
0.36744
0.305428
0.32074
0.323896
0.293117
0.289152
0.334079
0.330583
0.271688
0.254161
0.264379
0.235469
0.281102
0.294253
0.293062
0.291236
0.265925
0.268512
0.222123
0.224016
0.235095
0.233286
0.305827
0.332289
0.361462
0.350638
0.311773
0.392316
0.371732
0.42889
0.385872
0.350733
0.272162
0.293763
0.231201
0.232349
0.199418
0.192241
0.140077
0.108046
0.108425
0.100594
0.105914
0.1337
0.129372
0.117583
0.177798
0.1532
0.109784
0.147139
0.200674
0.197382
0.172174
0.194094
0.171469
0.220277
0.185601
0.193265
0.211103
0.156576
0.212139
0.186737
0.191296
0.161753
0.163128
0.189558
0.168002
0.104436
0.147274
0.161709
0.204958
0.189415
0.137151
0.121039
0.121333
0.173513
0.13201
0.171445
0.170843
0.157134
0.256934
0.242328
0.14835
0.162626
0.113084
0.156221
0.0984935
0.207393
0.147358
0.154268
0.179639
0.166826
0.145365
0.141718
0.164542
0.220261
0.170194
0.319385
0.315069
0.315176
0.27604
0.206137
0.18268
0.155719
0.149952
0.120692
0.150674
0.0797904
0.184266
0.202192
0.191212
0.212374
0.172007
0.182811
0.132229
0.202718
0.217659
0.162837
0.217424
0.1892
0.207668
0.210163
0.195026
0.209138
0.169875
0.21141
0.225757
0.185513
0.196485
0.152196
0.180739
0.175399
0.222589
0.190184
0.184441
0.159262
0.134696
0.260661
0.199334
0.166479
0.150271
0.182317
0.142404
0.182975
0.188363
0.234103
0.240423
0.202168
0.145166
0.118273
0.09674
0.128348
0.172545
0.169676
0.171381
0.151375
0.151518
0.259947
0.262028
0.249785
0.216376
0.168552
0.217727
0.178228
0.212908
0.2043
0.180253
0.180328
0.118089
0.144986
0.176917
0.19782
0.304511
0.286944
0.223302
0.313905
0.320473
0.365348
0.338506
0.273135
0.249753
0.217085
0.283094
0.278415
0.278854
0.290296
0.28643
0.212406
0.172928
0.228922
0.190646
0.163849
0.286633
0.249426
0.250582
0.209868
0.204209
0.253643
0.165336
0.187319
0.13749
0.233222
0.260027
0.19185
0.142719
0.124797
0.114734
0.166212
0.129364
0.121581
0.120425
0.10774
0.252487
0.0911605
0.135362
0.11618
0.121656
0.231699
0.169879
0.172222
0.150546
0.152897
0.262187
0.168767
0.194684
0.120473
0.183417
0.233995
0.23749
0.101212
0.140017