0.144592
0.164849
0.18427
0.197601
0.18541
0.183652
0.185167
0.191372
0.192225
0.18763
0.184389
0.183042
0.183752
0.179778
0.179097
0.178364
0.178842
0.17932
0.19727
0.210194
0.227658
0.220736
0.215957
0.230735
0.238558
0.239778
0.247099
0.245544
0.237359
0.229727
0.222222
0.217579
0.216711
0.217053
0.217272
0.216137
0.21296
0.211661
0.211569
0.21245
0.213765
0.213215
0.212422
0.214056
0.21414
0.213829
0.214738
0.214411
0.210665
0.210736
0.212223
0.213411
0.21357
0.212988
0.211557
0.21133
0.209557
0.21909
0.230002
0.236019
0.225367
0.218791
0.215511
0.215415
0.217233
0.217707
0.217595
0.218476
0.214004
0.213698
0.220493
0.225853
0.23107
0.22991
0.229053
0.224016
0.221222
0.220178
0.225526
0.234385
0.249251
0.248374
0.256145
0.275729
0.295979
0.313925
0.333034
0.348242
0.353726
0.357213
0.364869
0.373577
0.377559
0.382947
0.383648
0.382963
0.385469
0.38523
0.387566
0.389044
0.387578
0.388339
0.409158
0.433114
0.450753
0.470748
0.476487
0.476363
0.478726
0.473521
0.46948
0.465395
0.464343
0.457297
0.45597
0.455029
0.453934
0.461904
0.492069
0.519799
0.53696
0.561235
0.574123
0.591703
0.592392
0.596074
0.603236
0.609091
0.62076
0.61528
0.610103
0.603248
0.60316
0.604045
0.600749
0.600363
0.600187
0.59878
0.597712
0.598509
0.600681
0.603037
0.604185
0.613761
0.612881
0.613279
0.614052
0.615312
0.618946
0.620716
0.621824
0.622924
0.623876
0.627718
0.629089
0.629388
0.629073
0.629503
0.624259
0.623984
0.623769
0.624382
0.630105
0.643089
0.646349
0.650925
0.65381
0.654751
0.656616
0.656556
0.65658
0.656815
0.656683
0.655763
0.656572
0.655213
0.655627
0.655145
0.655269
0.655723
0.655085
0.65538
0.656169
0.655739
0.655528
0.655639
0.656715
0.655994
0.655747
0.6553
0.65501
0.654826
0.654611
0.654539
0.65375
0.651068
0.65175
0.65269
0.652758
0.653519
0.651849
0.652248
0.652005
0.651957
0.651295
0.651255
0.651068
0.650347
0.650371
0.650976
0.651096
0.651439
0.650701
0.650713
0.651176
0.651323
0.651028
0.649821
0.650139
0.650008
0.649637
0.649418
0.648462
0.649107
0.649653
0.648454
0.648717
0.651128
0.650056
0.648242
0.64943
0.648968
0.646604
0.64784
0.647967
0.64682
0.647441
0.652575
0.652575
0.652626
0.65226
0.651762
0.651694
0.652292
0.651546
0.65098
0.649693
0.647007
0.646832
0.647421
0.647115
0.647477
0.647481
0.646724
0.646967
0.647888
0.647888
0.64894
0.647892
0.648697
0.650403
0.650124
0.647154
0.646656
0.645744
0.64682
0.646903
0.645321
0.645923
0.646222
0.647015
0.647414
0.646879
0.646597
0.647569
0.648227
0.649155
0.648749
0.650012
0.650582
0.651208
0.651534
0.651391
0.651773
0.653089
0.65495
0.657233
0.657843
0.659672
0.66369
0.667579
0.670249
0.673832
0.678085
0.685529
0.693699
0.700403
0.705033
0.709876
0.712817
0.715531
0.720413
0.72936
0.722545
0.703105
0.697569
0.693635
0.695644
0.699817
0.688423
0.664917
0.645082
0.633449
0.648187
0.66455
0.68091
0.689491
0.667687
0.633899
0.608126
0.608393
0.612693
0.60422
0.593954
0.600383
0.597597
0.596361
0.570851
0.531703
0.530591
0.552017
0.572067
0.598099
0.604715
0.595178
0.602236
0.636526
0.629878
0.613004
0.589148
0.553866
0.55532
0.542021
0.558612
0.579942
0.585752
0.549067
0.49026
0.442567
0.40827
0.360103
0.312948
0.29615
0.292858
0.302033
0.336171
0.315774
0.298657
0.271879
0.249601
0.273482
0.279404
0.27457
0.256436
0.24336
0.220795
0.238841
0.242591
0.253045
0.233883
0.204655
0.184095
0.216117
0.215802
0.232373
0.230113
0.233353
0.250885
0.268105
0.28052
0.341436
0.422294
0.495461
0.435099
0.334824
0.273494
0.238885
0.213112
0.194552
0.18358
0.17005
0.162183
0.151554
0.138582
0.132066
0.133034
0.132895
0.131504
0.131548
0.130528
0.134916
0.253635
0.244692
0.272039
0.286709
0.334585
0.361251
0.306225
0.237757
0.210469
0.191276
0.172326
0.158987
0.1598
0.147342
0.142177
0.141822
0.140989
0.140674
0.140332
0.147681
0.209577
0.274526
0.344496
0.417432
0.47337
0.509453
0.527339
0.487964
0.441093
0.265981
0.24792
0.252877
0.228742
0.209154
0.177738
0.163339
0.155675
0.146218
0.142241
0.138227
0.136318
0.134605
0.134868
0.135051
0.134103
0.134421
0.135159
0.134983
0.134186
0.134198
0.134573
0.134162
0.134218
0.159425
0.204922
0.226279
0.213231
0.187912
0.175442
0.175642
0.171581
0.158923
0.17001
0.157767
0.148091
0.140156
0.137681
0.1358
0.134441
0.136175
0.144632
0.13802
0.136199
0.134872
0.132524
0.132134
0.166204
0.220026
0.189156
0.165276
0.151307
0.147143
0.142683
0.130759
0.128651
0.128615
0.160099
0.169775
0.155839
0.13802
0.143408
0.143213
0.138124
0.13248
0.131353
0.14847
0.141663
0.139897
0.138351
0.138172
0.135717
0.150582
0.196525
0.214877
0.194982
0.177033
0.158696
0.150458
0.148075
0.146023
0.135629
0.129077
0.128786
0.129005
0.129268
0.1294
0.128443
0.128647
0.128467
0.128523
0.12871
0.129025
0.12891
0.128902
0.129743
0.173557
0.174637
0.188419
0.240702
0.258274
0.254205
0.223605
0.193819
0.176754
0.173533
0.20049
0.213004
0.192727
0.1771
0.170516
0.166635
0.164303
0.16198
0.158907
0.157588
0.154814
0.183935
0.185314
0.189758
0.186007
0.193117
0.188419
0.183999
0.181349
0.176562
0.173199
0.169548
0.165862
0.165232
0.164519
0.16473
0.166141
0.166101
0.166356
0.165802
0.16524
0.165228
0.165427
0.165738
0.16577
0.166978
0.168293
0.168066
0.167201
0.166495
0.167109
0.18099
0.184182
0.183441
0.181197
0.179874
0.178212
0.17767
0.177048
0.175438
0.175905
0.17565
0.176136
0.186888
0.21467
0.260533
0.309425
0.342428
0.381094
0.414622
0.448294
0.482747
0.523545
0.574263
0.610924
0.605293
0.634796
0.6695
0.664419
0.670505
0.687717
0.714662
0.719751
0.729743
0.738889
0.746266
0.748812
0.740304
0.723581
0.70208
0.700383
0.703846
0.69662
0.696521
0.692563
0.691914
0.695768
0.69552
0.695134
0.699207
0.69888
0.703977
0.704579
0.705448
0.703694
0.698713
0.696174
0.69415
0.692173
0.689869
0.687873
0.68435
0.682046
0.679755
0.679041
0.677415
0.673286
0.67343
0.673486
0.674275
0.672322
0.671947
0.672011
0.670768
0.672055
0.672864
0.674757
0.674235
0.6738
0.674171
0.674813
0.676156
0.673234
0.672724
0.672689
0.673932
0.672928
0.672848
0.671736
0.671664
0.67017
0.668237
0.668839
0.668763
0.667894
0.669711
0.672063
0.671616
0.672888
0.673765
0.673952
0.673183
0.672892
0.671832
0.672043
0.671872
0.672174
0.672047
0.672465
0.672649
0.675096
0.680759
0.681679
0.681779
0.682461
0.682564
0.683345
0.682732
0.681624
0.681779
0.681703
0.682086
0.682504
0.683102
0.683425
0.683182
0.682277
0.682006
0.681687
0.682305
0.682158
0.680468
0.681185
0.68252
0.6827
0.68274
0.682309
0.680627
0.680388
0.680699
0.682317
0.682755
0.68303
0.682564
0.681946
0.682421
0.683118
0.682134
0.682309
0.681576
0.681966
0.682138
0.682365
0.683401
0.684541
0.684892
0.684892
0.682449
0.680456
0.681373
0.680587
0.682417
0.683692
0.680807
0.677451
0.674079
0.672414
0.668958
0.666137
0.662012
0.662159
0.662873
0.66347
0.663454
0.664395
0.664694
0.664746
0.661553
0.661908
0.663729
0.666595
0.667735
0.667611
0.666946
0.666499
0.66801
0.670899
0.688319
0.689423
0.689806
0.689953
0.690228
0.690073
0.690312
0.69012
0.688841
0.688618
0.687028
0.688191
0.688646
0.687964
0.687657
0.68688
0.68694
0.689395
0.690009
0.689734
0.686741
0.686896
0.687016
0.687614
0.687705
0.690324
0.691926
0.692205
0.692073
0.691571
0.692392
0.691758
0.691535
0.688307
0.691882
0.692189
0.692496
0.691838
0.691236
0.691651
0.691587
0.689662
0.6891
0.690591
0.690471
0.691794
0.691459
0.690487
0.689869
0.69063
0.687582
0.68814
0.688514
0.687705
0.687785
0.68963
0.690208
0.689367
0.688427
0.687964
0.687908
0.689116
0.690069
0.690399
0.69126
0.693181
0.695281
0.697685
0.70063
0.703949
0.707273
0.711059
0.713207
0.714833
0.717846
0.722732
0.728037
0.729894
0.737494
0.745265
0.749163
0.74509
0.729942
0.723625
0.730799
0.719863
0.706731
0.683481
0.683321
0.629695
0.617185
0.623649
0.634716
0.654165
0.662315
0.617842
0.620198
0.629731
0.628248
0.638725
0.610406
0.615997
0.610557
0.60501
0.609254
0.595401
0.587701
0.573769
0.540467
0.53325
0.544329
0.578623
0.539072
0.507751
0.477905
0.446357
0.444018
0.411641
0.344891
0.311964
0.342842
0.409521
0.425745
0.414076
0.399892
0.364507
0.372485
0.366432
0.379962
0.399538
0.404743
0.478615
0.501542
0.512275
0.507038
0.47339
0.447916
0.444201
0.49409
0.540316
0.601084
0.628961
0.663315
0.658867
0.626231
0.595807
0.580603
0.588881
0.554224
0.490256
0.450562
0.400976
0.383114
0.385183
0.392073
0.427838
0.457831
0.46891
0.492428
0.494421
0.47009
0.399797
0.369923
0.349729
0.395895
0.406962
0.374422
0.367627
0.389714
0.400124
0.405297
0.40646
0.318643
0.279691
0.298561
0.317408
0.322366
0.327786
0.343301
0.361294
0.417699
0.471907
0.457572
0.399394
0.334477
0.286597
0.265001
0.228396
0.196174
0.182046
0.172892
0.165499
0.157987
0.148374
0.140264
0.136107
0.135856
0.134621
0.134991
0.134449
0.133313
0.133186
0.133393
0.134162
0.133768
0.133429
0.13307
0.133018
0.132313
0.132154
0.131946
0.131365
0.131201
0.131201
0.13056
0.130464
0.13054
0.130089
0.130057
0.129428
0.129523
0.166296
0.165352
0.203105
0.213255
0.196951
0.176048
0.158182
0.148238
0.143516
0.139156
0.169755
0.181679
0.203993
0.184919
0.168464
0.15589
0.154408
0.145959
0.139379
0.135314
0.133278
0.147131
0.141212
0.137845
0.133808
0.137311
0.186334
0.234605
0.291109
0.328698
0.34175
0.366316
0.347936
0.23327
0.190375
0.172649
0.153109
0.146186
0.147099
0.137849
0.12781
0.127375
0.125813
0.125678
0.125614
0.125761
0.125853
0.125654
0.125933
0.125725
0.125626
0.125833
0.125757
0.125642
0.126343
0.126052
0.125893
0.126092
0.126204
0.126459
0.126614
0.126606
0.126415
0.126339
0.125881
0.125622
0.125745
0.126088
0.153567
0.185649
0.198645
0.187107
0.172832
0.16675
0.159637
0.211087
0.265766
0.27995
0.256484
0.247023
0.240399
0.221489
0.203551
0.218815
0.234951
0.238638
0.223944
0.224717
0.247995
0.272756
0.268133
0.252766
0.242563
0.233923
0.226562
0.252108
0.261996
0.272015
0.283608
0.278113
0.285003
0.30206
0.305938
0.322238
0.317938
0.325315
0.327315
0.329045
0.337386
0.343285
0.351582
0.357955
0.364148
0.380253
0.40923
0.419432
0.443181
0.479515
0.494759
0.514204
0.516428
0.526311
0.551004
0.574753
0.592009
0.60118
0.605436
0.609513
0.615407
0.615993
0.617763
0.603786
0.581855
0.567651
0.571712
0.569293
0.571198
0.575666
0.578989
0.581249
0.575554
0.565272
0.559469
0.540854
0.540782
0.540706
0.535067
0.53476
0.536836
0.540164
0.542045
0.543093
0.542276
0.541958
0.542284
0.543612
0.541822
0.541599
0.543986
0.548306
0.547238
0.547354
0.547186