0.121955
0.110824
0.118906
0.191424
0.159242
0.0881237
0.121748
0.110776
0.115547
0.0920134
0.097015
0.110565
0.114813
0.151355
0.0985374
0.104212
0.110226
0.0939064
0.144787
0.138116
0.17622
0.15709
0.14132
0.14128
0.14142
0.149406
0.17178
0.16314
0.191069
0.148892
0.121716
0.126335
0.141742
0.15422
0.141404
0.115599
0.105113
0.117631
0.19016
0.0954806
0.0850072
0.0782441
0.0672844
0.196202
0.125693
0.1174
0.0882951
0.0822055
0.135485
0.131564
0.107413
0.112251
0.108545
0.160481
0.121051
0.0942013
0.0918659
0.0669337
0.124
0.107389
0.0620915
0.0602025
0.0760163
0.18089
0.141607
0.10334
0.0827315
0.0866172
0.138813
0.0736968
0.0661326
0.109597
0.0809023
0.0955404
0.0797665
0.0822772
0.063323
0.0904591
0.133238
0.119385
0.121983
0.0751235
0.0928423
0.161561
0.147079
0.176969
0.194217
0.212215
0.254683
0.241563
0.253248
0.24933
0.298083
0.329551
0.270807
0.301766
0.315073
0.332755
0.388658
0.384194
0.36251
0.186797
0.209676
0.21467
0.179675
0.133557
0.127311
0.117906
0.158696
0.144843
0.150418
0.168062
0.343237
0.429416
0.431707
0.287119
0.2152
0.174645
0.203694
0.185509
0.167771
0.0965328
0.139427
0.180627
0.126335
0.176726
0.171114
0.141288
0.229946
0.174227
0.180842
0.158533
0.144612
0.249048
0.147358
0.146664
0.13105
0.170799
0.277423
0.260418
0.191699
0.176251
0.201845
0.270301
0.213152
0.182504
0.227602
0.213845
0.257078
0.264925
0.212709
0.192424
0.192125
0.257508
0.186581
0.195509
0.171007
0.159067
0.267157
0.199542
0.178248
0.152029
0.211402
0.283385
0.202762
0.190439
0.208644
0.203643
0.276518
0.16687
0.163183
0.136223
0.108138
0.228308
0.199287
0.188195
0.169217
0.151797
0.0962618
0.104141
0.215981
0.17451
0.111298
0.103264
0.0880241
0.264574
0.190316
0.104189
0.151885
0.14884
0.27186
0.215204
0.174227
0.123063
0.119345
0.228001
0.153559
0.127088
0.108588
0.122999
0.280018
0.175151
0.118604
0.075813
0.0673083
0.0847441
0.255998
0.120572
0.0944006
0.104962
0.07282
0.244269
0.16188
0.125147
0.111705
0.0583373
0.213008
0.0918699
0.0795114
0.0783796
0.075538
0.214726
0.0907859
0.120461
0.110505
0.076897
0.177531
0.165746
0.143253
0.12659
0.126036
0.27759
0.149888
0.125901
0.120823
0.0973976
0.248362
0.230767
0.20548
0.150921
0.120194
0.294664
0.161494
0.174745
0.161605
0.0821895
0.164275
0.101144
0.135119
0.14951
0.118627
0.228543
0.213443
0.195373
0.163415
0.0997131
0.19937
0.142703
0.105699
0.123438
0.0811255
0.269436
0.164152
0.135561
0.19566
0.153607
0.14847
0.146652
0.117667
0.128631
0.0889008
0.24778
0.160019
0.147178
0.117671
0.0747728
0.175379
0.0715248
0.133146
0.105193
0.165053
0.215563
0.202567
0.157174
0.171967
0.190583
0.26416
0.211366
0.28215
0.271122
0.261813
0.343886
0.373163
0.545273
0.494349
0.451443
0.458971
0.532425
0.550813
0.475036
0.514925
0.524315
0.467735
0.479631
0.478495
0.44827
0.480579
0.468301
0.402188
0.390403
0.381476
0.349912
0.386015
0.380607
0.396278
0.382528
0.345708
0.376263
0.459461
0.408449
0.361454
0.364271
0.322864
0.261298
0.323402
0.308373
0.284692
0.263339
0.302363
0.32563
0.343994
0.323645
0.266324
0.307508
0.28961
0.310234
0.39389
0.363008
0.332301
0.364511
0.361035
0.313303
0.310896
0.346525
0.34069
0.297429
0.318576
0.271389
0.34287
0.339881
0.262115
0.275036
0.223498
0.256436
0.212741
0.269951
0.303117
0.245094
0.233485
0.228922
0.230763
0.236657
0.247983
0.217093
0.210525
0.22608
0.223988
0.216818
0.201403
0.206851
0.157508
0.142779
0.171493
0.175339
0.159091
0.18085
0.250785
0.264244
0.306711
0.322952
0.359433
0.367308
0.331281
0.295505
0.234652
0.253348
0.179962
0.124115
0.160625
0.143034
0.15385
0.113391
0.0935996
0.0905827
0.0808385
0.0835685
0.0934561
0.110003
0.113068
0.0972661
0.118018
0.139754
0.198159
0.226618
0.251411
0.300347
0.286231
0.215698
0.174151
0.145536
0.132975
0.17217
0.126773
0.15275
0.0780926
0.112709
0.173274
0.12459
0.127021
0.130045
0.0936195
0.187928
0.166296
0.205571
0.192085
0.249346
0.294915
0.241276
0.20479
0.185095
0.157767
0.145612
0.136721
0.141914
0.12239
0.1477
0.123681
0.0821457
0.0788498
0.0887215
0.0746174
0.0984059
0.0515065
0.0729276
0.0739
0.0854097
0.104731
0.110075
0.0820341
0.106548
0.0882592
0.101411
0.0643512
0.0509047
0.0655707
0.127499
0.193309
0.162414
0.169783
0.183728
0.150359
0.158226
0.0904392
0.127431
0.114048
0.142978
0.130528
0.114447
0.122047
0.124414
0.0861908
0.140395
0.0981309
0.0878527
0.0898015
0.101933
0.102567
0.139594
0.156954
0.103949
0.103427
0.123394
0.123741
0.104894
0.107652
0.104539
0.122406
0.079878
0.10499
0.118536
0.146557
0.145493
0.130556
0.103348
0.110565
0.100765
0.104348
0.105575
0.0966842
0.092117
0.117245
0.125817
0.0950183
0.114176
0.149115
0.115383
0.166172
0.130416
0.18804
0.187068
0.15391
0.165324
0.103842
0.100434
0.108979
0.107353
0.188985
0.154324
0.165742
0.15273
0.164028
0.207106
0.185577
0.180811
0.192145
0.141993
0.215391
0.160378
0.117444
0.169086
0.184509
0.186434
0.173908
0.167105
0.162012
0.16306
0.162127
0.126299
0.122561
0.132265
0.171624
0.181106
0.113554
0.129962
0.129209
0.136382
0.161749
0.112853
0.144668
0.146947
0.143229
0.158776
0.161689
0.141089
0.157441
0.154041
0.158915
0.138435
0.141774
0.154675
0.179675
0.194038
0.158652
0.145919
0.148964
0.164152
0.165503
0.129862
0.121337
0.142049
0.115802
0.121808
0.12545
0.124159
0.13201
0.122589
0.185541
0.164407
0.102598
0.0737207
0.0693209
0.124757
0.0865057
0.119265
0.111844
0.112622
0.147521
0.133234
0.144062
0.11589
0.111546
0.183919
0.143568
0.165778
0.180165
0.173406
0.199964
0.186665
0.192802
0.185733
0.215025
0.274135
0.243197
0.256779
0.291141
0.268452
0.345728
0.232576
0.263315
0.16962
0.211693
0.216356
0.145094
0.167161
0.205388
0.160701
0.196413
0.155667
0.19397
0.159485
0.136992
0.230069
0.161928
0.175271
0.130978
0.127634
0.249785
0.154189
0.0975211
0.081261
0.0646341
0.221979
0.128902
0.113219
0.134246
0.117878
0.244759
0.143221
0.115838
0.106883
0.0897418
0.231612
0.118584
0.114443
0.116786
0.102495
0.270126
0.0990874
0.109764
0.107154
0.111964
0.163973
0.168125
0.0849554
0.0542563
0.0686673
0.254719
0.156727
0.0854456
0.0878726
0.104033
0.242739
0.14739
0.0918181
0.105324
0.0774789
0.225052
0.134716
0.115583
0.0920493
0.0937709
0.233704
0.153914
0.110382
0.0871353
0.0541926
0.156751
0.195309
0.057883
0.0742946
0.0818986
0.26526
0.0922525
0.0975132
0.140686
0.0867607
0.292241
0.114024
0.139252
0.115503
0.0813965
0.232401
0.140531
0.114132
0.0579667
0.162645
0.278607
0.174677
0.164698
0.109541
0.081516
0.253415
0.122083
0.103973
0.14998
0.122768
0.226602
0.150084
0.0970827
0.0850988
0.0700223
0.232931
0.0781285
0.212064
0.123366
0.0766938
0.0582536
0.0706759
0.19232
0.0873505
0.0690579
0.103017
0.0759764
0.228663
0.0966244
0.0907221
0.0844851
0.0844253
0.258808
0.135509
0.0773434
0.119472
0.0981907
0.26581
0.113662
0.0997131
0.086968
0.0513431
0.161422
0.109302
0.114686
0.0838355
0.0814323
0.232098
0.137578
0.163112
0.102415
0.114686
0.238885
0.181245
0.196405
0.187841
0.137175
0.262056
0.12449
0.131102
0.0955763
0.0621712
0.272051
0.0977005
0.0895345
0.0854495
0.0965766
0.258313
0.135334
0.115264
0.137773
0.0972063
0.253196
0.144185
0.111426
0.117575
0.0610992
0.178069
0.112494
0.0885501
0.0764626
0.0718516
0.222593
0.147501
0.0976208
0.0784712
0.0894229
0.244731
0.108373
0.106265
0.102806
0.0762195
0.207672
0.14668
0.134991
0.0935836
0.0874223
0.186988
0.104539
0.0616372
0.090499
0.0679938
0.23433
0.159776
0.0977483
0.149558
0.0838634
0.219066
0.101451
0.111298
0.0847003
0.0626216
0.261378
0.154774
0.109896
0.0864778
0.0639248
0.185294
0.0991232
0.0715567
0.0742029
0.0958313
0.227957
0.116344
0.0972461
0.109421
0.119365
0.216954
0.155018
0.239192
0.266172
0.236805
0.262414
0.217472
0.223677
0.227873
0.229404
0.275697
0.240001
0.295576
0.331189
0.352427
0.279212
0.373115
0.35499
0.401694
0.369325
0.34607
0.323179
0.384852
0.388411
0.348749
0.314232
0.317643
0.346533
0.299506
0.308114
0.314961
0.359696
0.368922
0.346493
0.355946
0.346533
0.439144
0.422565
0.47779
0.439084
0.32873
0.314933
0.393623
0.356014
0.418962
0.423577
0.397238
0.403467
0.416978
0.381899
0.423203
0.418073
0.374295
0.296808
0.369664
0.371899
0.402834
0.355707
0.295134
0.270074
0.293922
0.339813
0.294664
0.351343
0.357496
0.354595
0.322956
0.323039
0.369158
0.319803
0.36801
0.359298
0.338211
0.340136
0.328053
0.310872
0.299048
0.30049
0.303471
0.326861
0.284158
0.336593
0.342137
0.339901
0.35599
0.329858
0.309796
0.342587
0.360836
0.319405
0.352662
0.339638
0.329312
0.287307
0.242516
0.243635
0.244955
0.265718
0.237857
0.262111
0.216017
0.250586
0.244799
0.221186
0.20051
0.215642
0.192611
0.246848
0.258309
0.261366
0.282947
0.217743
0.223824
0.236434
0.228407
0.306229
0.262076
0.300853
0.292504
0.319373
0.351335
0.341384
0.363666
0.30275
0.282026
0.254085
0.248549
0.206799
0.225339
0.184947
0.160633
0.133903
0.0969034
0.120429
0.106129
0.144767
0.101351
0.100155
0.115858
0.150725
0.131899
0.0993663
0.0984696
0.119731
0.139483
0.126227
0.147143
0.133672
0.151371
0.148952
0.121134
0.160063
0.12488
0.205308
0.140463
0.147553
0.140591
0.13374
0.189634
0.152706
0.135729
0.131153
0.143093
0.150187
0.145923
0.116085
0.109923
0.126419
0.169309
0.142356
0.124167
0.145788
0.121214
0.171716
0.13955
0.143161
0.158616
0.150925
0.161031
0.105807
0.141563
0.13926
0.144588
0.145811
0.10106
0.0937032
0.089415
0.0965646
0.226522
0.191982
0.222724
0.219895
0.212626
0.19829
0.170341
0.166236
0.142711
0.1434
0.132504
0.165363
0.163518
0.172115
0.22822
0.188933
0.182516
0.175693
0.186633
0.145409
0.200582
0.220481
0.189076
0.225952
0.181165
0.160167
0.199769
0.211398
0.188255
0.193584
0.188199
0.213172
0.194632
0.17669
0.202582
0.192217
0.167986
0.233656
0.196314
0.160637
0.187602
0.155452
0.229926
0.187175
0.142771
0.0924956
0.142233
0.125582
0.121772
0.121537
0.1651
0.134549
0.218173
0.152527
0.123912
0.0912243
0.112976
0.147493
0.129205
0.137147
0.143731
0.150681
0.202383
0.199813
0.195098
0.184314
0.168344
0.195329
0.204057
0.196043
0.211852
0.134617
0.183983
0.112175
0.141268
0.136589
0.165383
0.226821
0.25426
0.238092
0.263411
0.216922
0.311358
0.241483
0.240985
0.213949
0.183816
0.21353
0.211713
0.209593
0.202646
0.204667
0.147629
0.116005
0.144325
0.136306
0.1532
0.220971
0.174765
0.234979
0.13594
0.145791
0.209493
0.189052
0.204053
0.172394
0.229101
0.266627
0.173199
0.175048
0.172649
0.149853
0.207807
0.0747848
0.11198
0.135047
0.123792
0.222362
0.126738
0.180197
0.121294
0.137801
0.283357
0.18435
0.166364
0.152423
0.177885
0.245453
0.18855
0.226367
0.104683
0.133054
0.206604
0.254288
0.13924
0.165794