0.144293
0.164618
0.183612
0.196716
0.184704
0.183166
0.184589
0.190702
0.191495
0.186868
0.184091
0.182504
0.183278
0.179244
0.178587
0.177957
0.178435
0.17891
0.196736
0.209517
0.226945
0.219747
0.215383
0.230065
0.237594
0.239
0.246142
0.244393
0.236306
0.228886
0.221601
0.217057
0.21638
0.216408
0.216475
0.215348
0.212279
0.21094
0.210836
0.211701
0.213004
0.212466
0.211673
0.213295
0.213403
0.213068
0.213993
0.21367
0.209947
0.210003
0.21147
0.212701
0.212813
0.212219
0.210804
0.210625
0.208828
0.218344
0.229201
0.235123
0.224518
0.217966
0.214706
0.21467
0.216416
0.216902
0.216826
0.217727
0.213351
0.213008
0.219815
0.2251
0.230308
0.229121
0.228328
0.223318
0.220684
0.219425
0.224705
0.233533
0.248366
0.247338
0.255233
0.274681
0.29468
0.312737
0.331652
0.346816
0.35218
0.355747
0.363431
0.372031
0.376016
0.381428
0.381994
0.381273
0.383744
0.383473
0.385924
0.387446
0.386015
0.386817
0.407911
0.431907
0.44951
0.46956
0.475709
0.475773
0.477853
0.472904
0.469034
0.464455
0.463443
0.456014
0.454635
0.453627
0.452567
0.460513
0.490866
0.518344
0.535465
0.559609
0.572346
0.589897
0.590583
0.594253
0.601279
0.607213
0.618875
0.613403
0.608062
0.601132
0.600996
0.60222
0.598832
0.598394
0.598183
0.596541
0.595501
0.596361
0.598705
0.600937
0.60214
0.61153
0.610601
0.610824
0.611761
0.613032
0.616754
0.618488
0.619564
0.620616
0.621561
0.625418
0.626797
0.627096
0.626809
0.62724
0.622039
0.621736
0.621545
0.622131
0.627802
0.64075
0.64397
0.648545
0.651403
0.652323
0.654205
0.654125
0.654169
0.65442
0.654264
0.653431
0.654216
0.652861
0.653268
0.652774
0.652897
0.653324
0.652718
0.653021
0.653782
0.653388
0.653184
0.653248
0.6543
0.653603
0.653328
0.652889
0.652579
0.652403
0.65218
0.652136
0.651423
0.648713
0.649394
0.650283
0.650355
0.651136
0.649354
0.649737
0.649558
0.649506
0.648852
0.648784
0.648629
0.647892
0.647928
0.648494
0.648589
0.648964
0.64829
0.648318
0.648808
0.648992
0.648641
0.647457
0.647772
0.647661
0.647294
0.647055
0.646066
0.646724
0.647278
0.646043
0.64629
0.648765
0.647653
0.645811
0.647015
0.646593
0.644301
0.645469
0.64562
0.644429
0.645066
0.650136
0.650128
0.650179
0.649821
0.649338
0.649342
0.64994
0.649203
0.648645
0.647346
0.644612
0.64446
0.645026
0.644723
0.645174
0.645098
0.644393
0.644584
0.64552
0.645473
0.646513
0.645449
0.646222
0.647936
0.647645
0.644899
0.644365
0.643464
0.644516
0.64464
0.642998
0.643623
0.643867
0.644636
0.645066
0.644472
0.644237
0.645234
0.645895
0.646816
0.646401
0.647708
0.648338
0.648988
0.649287
0.649211
0.649653
0.651
0.652933
0.655265
0.655775
0.65768
0.662064
0.665726
0.668388
0.672242
0.676479
0.683724
0.691647
0.698689
0.703838
0.708278
0.711243
0.71351
0.71889
0.728324
0.72168
0.701243
0.695708
0.69134
0.693779
0.697932
0.687032
0.662976
0.643635
0.632245
0.646457
0.662355
0.679209
0.687514
0.66628
0.632652
0.607026
0.607022
0.610736
0.602451
0.592436
0.59904
0.596337
0.595337
0.569405
0.530049
0.529145
0.55057
0.569939
0.596401
0.603348
0.59354
0.600407
0.635143
0.628882
0.611637
0.58802
0.553041
0.55489
0.541459
0.557823
0.579185
0.584756
0.547095
0.4892
0.442217
0.408377
0.359095
0.312689
0.295509
0.291834
0.300909
0.335159
0.315379
0.296955
0.271051
0.249107
0.272318
0.278427
0.273697
0.255703
0.242009
0.220222
0.237582
0.241384
0.251746
0.232704
0.203264
0.18319
0.214423
0.214845
0.231859
0.230069
0.232608
0.250311
0.267332
0.280436
0.341718
0.422059
0.49456
0.434609
0.333975
0.272246
0.237928
0.212582
0.193779
0.182732
0.169225
0.161434
0.150769
0.137546
0.131086
0.132122
0.131927
0.130536
0.130552
0.129487
0.133847
0.251917
0.242954
0.271505
0.286649
0.334091
0.360465
0.305281
0.237661
0.210151
0.190662
0.171505
0.158038
0.158832
0.146274
0.141085
0.140714
0.139849
0.139622
0.139307
0.146656
0.20819
0.272708
0.342456
0.415591
0.471963
0.508262
0.526937
0.487645
0.440909
0.265168
0.2479
0.253467
0.228479
0.207963
0.176885
0.162514
0.154794
0.14521
0.141228
0.137211
0.135258
0.13356
0.133843
0.134023
0.133098
0.133421
0.134162
0.134003
0.133194
0.133134
0.133493
0.133058
0.133114
0.158313
0.203388
0.224582
0.211928
0.18696
0.174605
0.175259
0.170776
0.158684
0.169169
0.157237
0.147561
0.139244
0.136665
0.134736
0.133413
0.135103
0.143412
0.13694
0.135143
0.133832
0.131488
0.131117
0.165423
0.219118
0.188191
0.163981
0.150155
0.146003
0.141699
0.129806
0.127674
0.127634
0.159389
0.169265
0.155217
0.13696
0.142452
0.142117
0.137115
0.13146
0.130312
0.14735
0.140682
0.138833
0.137279
0.137099
0.134676
0.149849
0.195863
0.214323
0.194652
0.176024
0.157672
0.149386
0.146931
0.145034
0.134732
0.128069
0.127766
0.127989
0.12824
0.128372
0.127447
0.127638
0.127459
0.127511
0.127706
0.128009
0.127885
0.127877
0.128706
0.17219
0.173434
0.188052
0.240077
0.257736
0.253607
0.222772
0.192775
0.175929
0.172441
0.199554
0.211821
0.191826
0.176044
0.169177
0.165344
0.16302
0.16084
0.157771
0.156468
0.15379
0.182744
0.184314
0.188853
0.1849
0.192073
0.188219
0.183493
0.180791
0.176028
0.172792
0.169022
0.165328
0.164678
0.163973
0.164192
0.165706
0.16567
0.165925
0.165375
0.164778
0.16475
0.164945
0.16526
0.165252
0.166471
0.167806
0.167551
0.166671
0.165961
0.166599
0.180432
0.183648
0.182923
0.180671
0.17932
0.17761
0.177152
0.17665
0.174888
0.175403
0.175235
0.175741
0.186462
0.213985
0.259756
0.308329
0.341097
0.379774
0.412984
0.44684
0.480946
0.522079
0.572661
0.609322
0.603527
0.633102
0.667623
0.662418
0.668843
0.685625
0.712347
0.71793
0.727718
0.736773
0.744094
0.746692
0.738371
0.721712
0.700155
0.698398
0.701678
0.694249
0.694301
0.69034
0.689495
0.69354
0.693225
0.692946
0.69719
0.696875
0.701893
0.702579
0.703471
0.70167
0.696668
0.693942
0.691902
0.689893
0.68757
0.685561
0.682094
0.679651
0.677439
0.676662
0.6751
0.670999
0.671138
0.671154
0.671927
0.67001
0.669588
0.669684
0.668416
0.669692
0.670509
0.67241
0.671879
0.671417
0.671788
0.672441
0.673844
0.670927
0.670437
0.670381
0.671616
0.670516
0.670489
0.669389
0.669297
0.667806
0.665834
0.666432
0.666396
0.665591
0.667368
0.669735
0.669309
0.670592
0.671521
0.671684
0.670831
0.670528
0.669448
0.66964
0.669456
0.669827
0.669743
0.670178
0.670385
0.672808
0.678435
0.679368
0.679456
0.680133
0.680237
0.68099
0.680372
0.679276
0.679448
0.679376
0.679751
0.680161
0.680751
0.681133
0.680886
0.679966
0.679715
0.6794
0.680014
0.679846
0.678136
0.678886
0.680213
0.680392
0.680432
0.680065
0.678296
0.678057
0.678392
0.680022
0.680484
0.680715
0.680241
0.679647
0.680109
0.680803
0.679806
0.680033
0.679336
0.679699
0.679882
0.680097
0.681137
0.682241
0.682584
0.682592
0.680205
0.678196
0.679077
0.678272
0.680085
0.681424
0.678539
0.675155
0.67172
0.669978
0.666471
0.663729
0.659537
0.659537
0.660422
0.661039
0.66098
0.661932
0.662227
0.662315
0.659095
0.659457
0.661275
0.664148
0.66526
0.665156
0.664531
0.664096
0.665623
0.668544
0.686059
0.687143
0.68751
0.687665
0.687944
0.687849
0.688068
0.687857
0.686581
0.68635
0.684736
0.685868
0.686314
0.685673
0.685366
0.684645
0.684764
0.687171
0.687733
0.687394
0.684433
0.684569
0.6847
0.685274
0.685398
0.687944
0.689646
0.689909
0.689774
0.689267
0.690001
0.689351
0.689192
0.685984
0.689535
0.689861
0.690164
0.689531
0.688949
0.689375
0.68926
0.687359
0.686813
0.688287
0.688179
0.689407
0.689084
0.68812
0.687502
0.688279
0.68543
0.685928
0.686271
0.685458
0.685529
0.687398
0.687964
0.687092
0.686143
0.685677
0.685585
0.686793
0.687753
0.687988
0.689052
0.690842
0.692779
0.695182
0.69831
0.701602
0.704822
0.70868
0.710812
0.712482
0.715487
0.720425
0.725889
0.727722
0.735099
0.742711
0.747186
0.742679
0.727921
0.722342
0.729216
0.718081
0.704806
0.682257
0.681663
0.628523
0.616336
0.622338
0.633533
0.652626
0.661131
0.617037
0.618496
0.628037
0.626367
0.637283
0.60913
0.61418
0.608588
0.603029
0.607632
0.593225
0.586932
0.573195
0.539535
0.53268
0.543257
0.577877
0.537693
0.507078
0.476941
0.444385
0.442101
0.410035
0.343883
0.311087
0.342213
0.408126
0.424362
0.412578
0.398418
0.363072
0.372481
0.366149
0.379802
0.399426
0.405237
0.478491
0.500566
0.511167
0.506149
0.472382
0.447481
0.444078
0.493197
0.539012
0.599593
0.627634
0.66147
0.657851
0.62439
0.594504
0.579177
0.58692
0.552897
0.48971
0.449892
0.399749
0.381648
0.384278
0.391746
0.427347
0.45662
0.468209
0.490587
0.493173
0.470086
0.399326
0.369353
0.34904
0.394887
0.405575
0.373521
0.366312
0.388514
0.399386
0.404786
0.405504
0.317643
0.279029
0.298294
0.316463
0.321537
0.326626
0.342671
0.360828
0.416902
0.470919
0.456679
0.397876
0.332851
0.285701
0.263686
0.22718
0.195329
0.18089
0.172063
0.164734
0.157237
0.147529
0.139291
0.135039
0.134792
0.133553
0.133931
0.133361
0.132361
0.132198
0.132453
0.133114
0.13272
0.132393
0.132026
0.131974
0.131281
0.131121
0.130926
0.130336
0.130161
0.130169
0.129551
0.129464
0.129531
0.129073
0.129049
0.128415
0.128503
0.16526
0.164148
0.202104
0.212622
0.196975
0.175626
0.157632
0.147653
0.142416
0.138136
0.168572
0.180846
0.203264
0.184031
0.167492
0.155129
0.153495
0.145174
0.138391
0.13431
0.132257
0.146015
0.140065
0.136757
0.132736
0.136278
0.185099
0.233038
0.289479
0.327499
0.340798
0.365822
0.347449
0.232608
0.189359
0.172095
0.152192
0.145357
0.146353
0.137024
0.126789
0.126351
0.124825
0.124673
0.124637
0.124777
0.124876
0.124685
0.12494
0.124729
0.124625
0.124837
0.124769
0.124657
0.125367
0.125072
0.124912
0.125112
0.125223
0.125478
0.125622
0.125586
0.125391
0.125323
0.124868
0.124605
0.124729
0.12508
0.152559
0.184927
0.197573
0.186035
0.171991
0.165634
0.158732
0.209672
0.264168
0.27828
0.254962
0.245871
0.2391
0.220269
0.202308
0.21797
0.234856
0.238538
0.223529
0.22433
0.246875
0.272274
0.267531
0.252284
0.242779
0.233329
0.225849
0.251275
0.261282
0.271597
0.283018
0.277563
0.284318
0.300865
0.305376
0.320963
0.317041
0.323701
0.326188
0.328128
0.336
0.341962
0.350446
0.35648
0.362729
0.37881
0.407576
0.41795
0.441826
0.478511
0.493946
0.513522
0.515921
0.525757
0.550307
0.573904
0.591133
0.600255
0.604531
0.608473
0.61404
0.614833
0.616595
0.602308
0.58036
0.566117
0.570038
0.567723
0.569715
0.574119
0.577419
0.579778
0.574199
0.563809
0.557927
0.53924
0.539307
0.539248
0.5336
0.533301
0.535493
0.538801
0.540722
0.541774
0.540933
0.540658
0.540973
0.542332
0.540583
0.540423
0.542799
0.547039
0.545987
0.54611
0.545907