0.107265
0.107484
0.131201
0.167253
0.172003
0.120803
0.0924478
0.0934282
0.0956679
0.0783397
0.0942133
0.103981
0.128097
0.133553
0.100207
0.105033
0.111199
0.0864459
0.161577
0.152957
0.178144
0.146999
0.132672
0.130998
0.15823
0.139224
0.158301
0.149438
0.160358
0.146198
0.114375
0.120341
0.117041
0.123274
0.126941
0.101184
0.106656
0.105436
0.150578
0.116974
0.112928
0.100267
0.0812769
0.162634
0.109625
0.108744
0.0966165
0.092651
0.137805
0.165204
0.103304
0.149199
0.121198
0.153842
0.135884
0.124916
0.103212
0.0822453
0.142109
0.107991
0.0731747
0.0605014
0.0865575
0.156564
0.120401
0.117356
0.0827355
0.0797266
0.119142
0.0855412
0.0696039
0.10595
0.0934601
0.134768
0.0955125
0.0709389
0.0719632
0.0942292
0.103252
0.0794755
0.120867
0.0879085
0.0927029
0.145604
0.184565
0.173023
0.202682
0.206201
0.252236
0.232939
0.226483
0.236653
0.256245
0.305109
0.262227
0.287398
0.297493
0.294138
0.335641
0.35222
0.33156
0.226335
0.235629
0.24016
0.176423
0.136326
0.162729
0.111709
0.215455
0.134621
0.135984
0.171477
0.317651
0.366882
0.388271
0.269488
0.206608
0.22508
0.187972
0.236928
0.115591
0.127176
0.133541
0.208214
0.130436
0.166428
0.179236
0.172637
0.269911
0.17017
0.179197
0.149892
0.129424
0.198673
0.175307
0.161043
0.14664
0.148486
0.242531
0.207803
0.196848
0.174147
0.201785
0.24741
0.25968
0.206835
0.205767
0.225749
0.278734
0.270776
0.215846
0.182122
0.172561
0.280408
0.210091
0.212705
0.139837
0.169325
0.239032
0.199239
0.168528
0.157441
0.215069
0.281161
0.172095
0.216806
0.1597
0.205779
0.19849
0.218859
0.153216
0.181616
0.131859
0.215543
0.201973
0.211087
0.177403
0.177646
0.0998804
0.130209
0.271796
0.161083
0.131046
0.0980751
0.0813008
0.24686
0.182895
0.128033
0.161677
0.13103
0.209465
0.163841
0.186267
0.191121
0.100363
0.245628
0.126291
0.131715
0.0896182
0.116938
0.224506
0.188144
0.177838
0.148167
0.127806
0.126893
0.232744
0.14629
0.103136
0.0791487
0.0615734
0.214873
0.155926
0.112187
0.103499
0.0880002
0.215296
0.108963
0.0868325
0.0803403
0.0639287
0.163124
0.124247
0.0995377
0.0838435
0.080982
0.167312
0.114491
0.14507
0.173398
0.0797386
0.259106
0.173127
0.164295
0.135107
0.0967201
0.248334
0.15051
0.132732
0.131277
0.0868245
0.284326
0.154308
0.152232
0.171899
0.0773474
0.199151
0.13476
0.134397
0.165595
0.111023
0.207437
0.1804
0.188833
0.173398
0.113885
0.22066
0.213172
0.139794
0.138207
0.122956
0.236087
0.249566
0.157488
0.158696
0.127563
0.205647
0.177411
0.106588
0.117795
0.124673
0.222378
0.167671
0.179093
0.144867
0.0996055
0.173944
0.154304
0.223414
0.169122
0.149689
0.309609
0.235681
0.167571
0.172103
0.181293
0.253344
0.211027
0.238781
0.272246
0.248741
0.360948
0.269899
0.363267
0.522226
0.425271
0.447963
0.457708
0.40477
0.428603
0.41455
0.434222
0.420528
0.406229
0.419301
0.408138
0.351192
0.411649
0.363068
0.40542
0.371668
0.309258
0.365467
0.37889
0.337279
0.360689
0.359091
0.338156
0.403774
0.353435
0.37237
0.337406
0.266591
0.256946
0.313231
0.323414
0.265124
0.243775
0.270999
0.297306
0.282548
0.292396
0.297864
0.316113
0.283086
0.295038
0.365383
0.302359
0.287793
0.295883
0.29633
0.295879
0.246373
0.292791
0.272318
0.291559
0.271194
0.276263
0.284916
0.323765
0.257369
0.24293
0.208784
0.213084
0.217145
0.241966
0.278463
0.23651
0.209856
0.217161
0.206516
0.207532
0.2141
0.197051
0.192719
0.198187
0.183608
0.175343
0.166204
0.149406
0.134126
0.141758
0.153152
0.189347
0.156735
0.168408
0.223784
0.229555
0.298358
0.284238
0.311629
0.318034
0.294967
0.281958
0.218022
0.200207
0.156285
0.125434
0.136904
0.0928503
0.102662
0.101901
0.09456
0.0968954
0.0911844
0.0945999
0.103981
0.110095
0.102116
0.0970907
0.105918
0.130269
0.166842
0.2303
0.271019
0.24501
0.254826
0.196951
0.154001
0.13688
0.110258
0.159397
0.0961581
0.104507
0.11023
0.0835725
0.171975
0.151068
0.157142
0.129376
0.128101
0.154998
0.176136
0.234366
0.225442
0.24849
0.27074
0.218719
0.193101
0.166236
0.128172
0.123362
0.118851
0.132907
0.13307
0.143982
0.111446
0.087781
0.0726845
0.0641519
0.0831062
0.130217
0.0934162
0.0955045
0.0685398
0.0783038
0.0932488
0.0765822
0.0702694
0.089682
0.095923
0.113965
0.0871672
0.0677746
0.0761797
0.144735
0.218532
0.150076
0.152407
0.139375
0.118767
0.123478
0.0852383
0.0867169
0.100594
0.110996
0.105643
0.0824845
0.0940897
0.0997051
0.0656345
0.134625
0.0916866
0.0808026
0.0768293
0.0663957
0.129472
0.161263
0.134908
0.131636
0.0947154
0.108883
0.107971
0.105568
0.124303
0.122796
0.157995
0.0773115
0.0869839
0.119935
0.13268
0.118576
0.107819
0.0874223
0.109381
0.0714132
0.084501
0.063319
0.0815718
0.103033
0.141348
0.125275
0.0877172
0.121844
0.161187
0.118823
0.143847
0.128934
0.159505
0.137271
0.149255
0.170592
0.118791
0.121417
0.132018
0.110481
0.137239
0.135824
0.134114
0.111007
0.143129
0.185597
0.183931
0.204153
0.188498
0.164646
0.182939
0.158094
0.132963
0.169245
0.196166
0.208624
0.171337
0.16306
0.160613
0.13975
0.144436
0.117902
0.136119
0.158887
0.167806
0.163937
0.108967
0.118077
0.120676
0.154866
0.124438
0.124
0.124876
0.130731
0.136836
0.17983
0.153806
0.146632
0.166846
0.144779
0.137956
0.135788
0.131321
0.153678
0.161522
0.16577
0.157732
0.169329
0.155779
0.175
0.1771
0.144572
0.13867
0.138574
0.133274
0.13755
0.125016
0.109485
0.116567
0.112355
0.168739
0.128698
0.1099
0.103778
0.067125
0.105512
0.0951538
0.108102
0.121864
0.110824
0.1478
0.131392
0.133804
0.107576
0.105615
0.170648
0.192041
0.181548
0.168225
0.163251
0.181321
0.186785
0.186119
0.174677
0.20807
0.232473
0.207305
0.260107
0.311593
0.248354
0.348051
0.231592
0.258529
0.191942
0.187347
0.223079
0.151427
0.160083
0.183417
0.163199
0.205145
0.14886
0.154743
0.170835
0.143376
0.237801
0.165599
0.153128
0.117452
0.120811
0.254858
0.149016
0.0724295
0.0821497
0.0719711
0.223761
0.138195
0.0906982
0.129798
0.0929898
0.217384
0.162626
0.101259
0.0852144
0.085864
0.247402
0.121895
0.12724
0.111645
0.0815359
0.22459
0.106942
0.118133
0.0950861
0.0980432
0.182385
0.159856
0.0624342
0.050805
0.0816316
0.24448
0.141878
0.0763431
0.106464
0.0656464
0.262295
0.15336
0.102244
0.0972581
0.0922047
0.228535
0.10283
0.0964252
0.0764905
0.0985135
0.213044
0.117141
0.101562
0.0656106
0.0545632
0.20208
0.181787
0.0792643
0.0660131
0.0560657
0.270883
0.130934
0.0714052
0.103372
0.0809979
0.293532
0.149346
0.0943329
0.0844173
0.0858879
0.261888
0.143213
0.126459
0.0439184
0.0941615
0.250634
0.196098
0.129491
0.107154
0.0988164
0.256839
0.15067
0.112673
0.0963813
0.0852025
0.234083
0.157018
0.0720748
0.0770086
0.0688586
0.24951
0.107345
0.210685
0.126331
0.0903555
0.0648095
0.0623306
0.205994
0.0958313
0.0703451
0.0992667
0.065483
0.233768
0.112155
0.116619
0.0719472
0.090774
0.259629
0.120341
0.081799
0.0996971
0.0697952
0.267157
0.103304
0.0988124
0.0733541
0.0680257
0.228961
0.129954
0.138526
0.0879244
0.0805436
0.22109
0.142882
0.136645
0.128535
0.116794
0.247573
0.196728
0.19028
0.202052
0.132002
0.282138
0.137303
0.115176
0.0900287
0.051359
0.280874
0.0969233
0.123896
0.102284
0.0935597
0.243914
0.153886
0.141993
0.114503
0.121409
0.269401
0.150968
0.0805994
0.0825761
0.0712378
0.225327
0.162873
0.0782839
0.0689821
0.0647019
0.197115
0.156265
0.094572
0.0984298
0.0789973
0.23594
0.08478
0.0617328
0.0560099
0.0458792
0.175949
0.101933
0.106353
0.0763789
0.0742308
0.189264
0.0840069
0.0751116
0.0814523
0.0566515
0.214423
0.118799
0.10175
0.116483
0.0683405
0.221696
0.109904
0.0916707
0.081532
0.0607006
0.255962
0.150785
0.108158
0.0827196
0.0517376
0.151758
0.126726
0.0775666
0.0712578
0.0803961
0.225614
0.126542
0.114802
0.0992508
0.121553
0.207536
0.151331
0.208182
0.227857
0.22133
0.227734
0.215774
0.215778
0.213666
0.206604
0.215459
0.226734
0.257397
0.335438
0.341121
0.249243
0.244843
0.366754
0.402527
0.355787
0.289578
0.317328
0.24719
0.416978
0.325442
0.346003
0.314403
0.275036
0.259708
0.298804
0.298924
0.297888
0.322856
0.302814
0.325837
0.361282
0.411992
0.402511
0.446788
0.434469
0.314993
0.313363
0.314981
0.360541
0.37345
0.336506
0.361781
0.379503
0.350666
0.34189
0.350466
0.359294
0.36638
0.315084
0.309358
0.372031
0.368161
0.33327
0.276168
0.221453
0.252292
0.301156
0.30448
0.288522
0.30701
0.316073
0.297485
0.296278
0.314957
0.313957
0.32824
0.337657
0.30664
0.306412
0.288439
0.293504
0.278041
0.281942
0.30379
0.319046
0.290272
0.299876
0.330233
0.32781
0.359581
0.319209
0.304966
0.296736
0.297477
0.292862
0.269468
0.304986
0.296776
0.241786
0.216384
0.208058
0.213423
0.223266
0.2099
0.216416
0.225817
0.226662
0.228997
0.199669
0.194628
0.206034
0.186298
0.222649
0.24246
0.239849
0.215894
0.221712
0.203682
0.215104
0.202618
0.264343
0.236538
0.263279
0.26424
0.284557
0.321401
0.314283
0.281915
0.284071
0.24456
0.205803
0.217484
0.166954
0.167005
0.146991
0.125976
0.0926829
0.0719711
0.1022
0.0999841
0.130739
0.0824645
0.111275
0.106938
0.142017
0.155077
0.109266
0.105862
0.127296
0.129551
0.109214
0.133859
0.131667
0.161111
0.16353
0.14892
0.160689
0.132847
0.184134
0.141172
0.144165
0.149446
0.14283
0.198741
0.142436
0.134401
0.139068
0.150271
0.130536
0.11257
0.110693
0.118675
0.13252
0.138036
0.128455
0.151973
0.159234
0.134916
0.226526
0.145588
0.137167
0.152559
0.140096
0.129284
0.117352
0.161334
0.156197
0.137956
0.166352
0.0706839
0.102965
0.104986
0.138211
0.189192
0.16031
0.209912
0.21353
0.209278
0.213773
0.152985
0.135796
0.131213
0.139216
0.132688
0.145843
0.162299
0.16911
0.191443
0.195457
0.171608
0.166499
0.159158
0.159967
0.192504
0.192719
0.18097
0.177375
0.206022
0.151295
0.190073
0.198673
0.204444
0.185697
0.181775
0.204476
0.169345
0.180556
0.171138
0.189144
0.165794
0.18317
0.217508
0.150391
0.194122
0.146864
0.203085
0.18969
0.1327
0.137099
0.12867
0.122629
0.116292
0.12229
0.158839
0.135454
0.185665
0.150195
0.0930735
0.0869281
0.113032
0.142607
0.114279
0.124247
0.136761
0.142069
0.196238
0.187092
0.195696
0.187733
0.17616
0.198346
0.170102
0.199749
0.186434
0.130041
0.185398
0.110828
0.129962
0.151363
0.16406
0.234015
0.240208
0.270823
0.299514
0.241587
0.296943
0.204408
0.215017
0.214662
0.192838
0.200343
0.181859
0.202563
0.194245
0.180432
0.196636
0.108792
0.119596
0.157265
0.153117
0.251961
0.181448
0.240435
0.165738
0.162219
0.179834
0.155412
0.198864
0.175701
0.240762
0.241005
0.188602
0.152503
0.16512
0.142169
0.185645
0.125
0.10061
0.147764
0.0912283
0.197378
0.123753
0.178336
0.119213
0.130747
0.241906
0.193257
0.191766
0.130599
0.164076
0.21149
0.171848
0.209122
0.118918
0.148462
0.17608
0.230735
0.144369
0.151961