0.113156
0.131934
0.150355
0.163454
0.151208
0.149673
0.150925
0.157321
0.157536
0.153061
0.149944
0.147736
0.147147
0.143496
0.143002
0.14195
0.141862
0.142276
0.161386
0.173972
0.190041
0.184788
0.180364
0.194436
0.201487
0.201212
0.209198
0.207576
0.199617
0.192272
0.184696
0.180352
0.178722
0.177618
0.177351
0.17826
0.17675
0.175418
0.175446
0.176327
0.176841
0.176431
0.176702
0.178471
0.178663
0.178368
0.178431
0.177315
0.174697
0.175474
0.175116
0.174586
0.174876
0.175279
0.175179
0.17386
0.173593
0.181484
0.191822
0.198103
0.189511
0.18313
0.178782
0.17761
0.178603
0.17979
0.180316
0.180297
0.1771
0.176491
0.183664
0.18904
0.19401
0.192185
0.191332
0.188108
0.185549
0.184589
0.190156
0.198788
0.21357
0.212562
0.220297
0.239706
0.258764
0.275267
0.293902
0.309202
0.315886
0.320385
0.324518
0.327989
0.330069
0.333011
0.334529
0.333026
0.334366
0.335984
0.338112
0.339096
0.337741
0.338454
0.358401
0.382118
0.400646
0.419703
0.424952
0.424681
0.427941
0.424067
0.420556
0.416137
0.414869
0.408262
0.406644
0.406054
0.405089
0.413283
0.443588
0.471003
0.488311
0.512191
0.523565
0.539881
0.541535
0.545967
0.551698
0.556771
0.569289
0.565913
0.560792
0.553981
0.553742
0.555006
0.551917
0.551311
0.551415
0.550116
0.549067
0.549916
0.551495
0.55369
0.554412
0.563032
0.561733
0.562175
0.562952
0.563941
0.56634
0.567791
0.569161
0.570238
0.570939
0.573924
0.575175
0.575582
0.575422
0.575403
0.571154
0.570939
0.570887
0.571413
0.574845
0.585047
0.586956
0.589351
0.590997
0.591655
0.592639
0.592583
0.592432
0.592659
0.592432
0.590953
0.591683
0.589475
0.589969
0.589997
0.589865
0.590531
0.590694
0.591101
0.591687
0.591145
0.590882
0.59075
0.591463
0.591037
0.590897
0.590583
0.589622
0.589734
0.58977
0.589742
0.588785
0.587897
0.588737
0.589606
0.589148
0.589873
0.589232
0.589459
0.58806
0.588243
0.587518
0.587542
0.587291
0.586561
0.586876
0.587363
0.587374
0.587877
0.587645
0.587897
0.587634
0.587502
0.587331
0.586063
0.586549
0.586601
0.586398
0.586271
0.584254
0.584668
0.585306
0.585689
0.585788
0.586912
0.587199
0.586992
0.587275
0.587323
0.584959
0.585593
0.585509
0.584513
0.584708
0.585844
0.586255
0.586203
0.58631
0.586474
0.586522
0.586701
0.585984
0.585792
0.584884
0.583572
0.583465
0.583907
0.583768
0.58435
0.585051
0.584294
0.584497
0.584947
0.584987
0.585143
0.58427
0.584971
0.585545
0.585338
0.584003
0.58419
0.583481
0.584469
0.584864
0.584405
0.585354
0.585681
0.585944
0.585852
0.585079
0.58472
0.584844
0.585665
0.586235
0.586227
0.586964
0.587175
0.587797
0.587769
0.586318
0.586573
0.587462
0.588419
0.590531
0.591053
0.59307
0.596353
0.600705
0.606285
0.61263
0.618173
0.625554
0.631472
0.636422
0.638893
0.641105
0.644265
0.648888
0.657616
0.667161
0.658899
0.642874
0.637235
0.62987
0.630914
0.638008
0.630101
0.608632
0.586438
0.578208
0.593496
0.611004
0.623633
0.631803
0.607317
0.573071
0.5555
0.561306
0.564116
0.55595
0.541758
0.543867
0.540144
0.541583
0.516551
0.479495
0.485481
0.510984
0.531735
0.551188
0.551682
0.541324
0.549087
0.584621
0.585788
0.570313
0.5414
0.502766
0.501239
0.48912
0.506492
0.525546
0.533186
0.492045
0.430934
0.381133
0.349813
0.305014
0.261701
0.247258
0.244413
0.255297
0.291025
0.273143
0.257592
0.230886
0.206117
0.227798
0.228204
0.219281
0.205831
0.193883
0.178957
0.19633
0.19992
0.205767
0.183437
0.165762
0.155241
0.186801
0.186824
0.203467
0.19943
0.197477
0.208708
0.228969
0.239734
0.286043
0.369799
0.447804
0.388335
0.292635
0.234362
0.194165
0.165726
0.143129
0.132492
0.121915
0.113797
0.109625
0.108194
0.104169
0.10495
0.105436
0.103694
0.103663
0.102981
0.108074
0.225195
0.216826
0.244544
0.253152
0.295596
0.328822
0.268002
0.196768
0.163893
0.146214
0.130962
0.118436
0.113682
0.111147
0.111797
0.111944
0.111577
0.111844
0.11153
0.119046
0.180595
0.245134
0.314311
0.387335
0.436251
0.465993
0.4814
0.443691
0.394436
0.220445
0.199972
0.204041
0.182803
0.161629
0.131966
0.11897
0.115447
0.111119
0.108357
0.107441
0.10805
0.106731
0.10709
0.10711
0.106157
0.106424
0.106927
0.106648
0.105735
0.105719
0.106046
0.105265
0.104962
0.129268
0.1738
0.194715
0.1816
0.157449
0.144923
0.133046
0.130412
0.123215
0.133357
0.121178
0.116467
0.109059
0.105444
0.103706
0.101347
0.105918
0.115435
0.109154
0.107054
0.104854
0.101781
0.100259
0.137689
0.191714
0.160864
0.136864
0.115615
0.110641
0.101917
0.100199
0.100299
0.100024
0.131432
0.14138
0.126897
0.107999
0.106301
0.107178
0.103156
0.10161
0.101674
0.118484
0.111769
0.110027
0.107979
0.105053
0.102531
0.11946
0.166376
0.185051
0.165212
0.146708
0.128033
0.11298
0.106396
0.101953
0.101008
0.0990674
0.0990196
0.099191
0.0993663
0.0993623
0.0987287
0.0987805
0.0987924
0.0987566
0.0987885
0.0988801
0.0987366
0.0987765
0.0995696
0.143073
0.144624
0.158959
0.210832
0.225889
0.217444
0.187657
0.157401
0.133549
0.13368
0.158481
0.165312
0.150717
0.143946
0.14071
0.136522
0.134314
0.131831
0.128961
0.127507
0.124478
0.152714
0.154472
0.158728
0.154591
0.161362
0.157229
0.152515
0.149406
0.144345
0.140806
0.136761
0.133162
0.133062
0.132767
0.132277
0.132823
0.132955
0.132696
0.132042
0.132034
0.132652
0.132648
0.133178
0.133752
0.134529
0.134533
0.135342
0.134836
0.13474
0.134967
0.148458
0.1523
0.151012
0.14949
0.147553
0.145321
0.145341
0.144668
0.14348
0.143974
0.143898
0.143548
0.151929
0.182317
0.227176
0.275749
0.309549
0.348729
0.382429
0.416276
0.451275
0.490583
0.534656
0.564833
0.554699
0.579675
0.611542
0.602555
0.605675
0.621461
0.646489
0.654531
0.662697
0.670194
0.677252
0.680552
0.674709
0.658218
0.636876
0.634668
0.637048
0.632628
0.632445
0.627873
0.62934
0.631851
0.6325
0.632285
0.634031
0.635446
0.638797
0.638554
0.639463
0.63853
0.633975
0.630966
0.627925
0.625299
0.623183
0.620349
0.616455
0.613566
0.611661
0.611534
0.610808
0.60764
0.607759
0.608485
0.608405
0.607194
0.605611
0.606942
0.607536
0.6077
0.607975
0.609095
0.608887
0.608258
0.608505
0.608907
0.608094
0.607811
0.607632
0.607859
0.608238
0.606237
0.606727
0.606237
0.606161
0.605575
0.605779
0.606516
0.607241
0.606396
0.606775
0.6086
0.607855
0.608828
0.608983
0.60882
0.608772
0.609413
0.609597
0.610278
0.610792
0.611119
0.611087
0.611239
0.61129
0.612582
0.615336
0.615519
0.615367
0.615638
0.615559
0.615921
0.615359
0.613925
0.613961
0.613905
0.613841
0.613658
0.613869
0.613949
0.613745
0.61316
0.613211
0.61292
0.613375
0.613399
0.61261
0.613227
0.614319
0.614463
0.614487
0.61426
0.614339
0.614271
0.614479
0.615172
0.615535
0.615288
0.614889
0.614917
0.614821
0.615519
0.615192
0.615531
0.614271
0.614048
0.613845
0.612948
0.613447
0.613945
0.614
0.613985
0.613375
0.613128
0.613008
0.612885
0.613646
0.61459
0.614582
0.611601
0.607807
0.604316
0.599215
0.599151
0.596322
0.596098
0.596752
0.597991
0.59784
0.598533
0.599008
0.598916
0.599239
0.599004
0.599231
0.600841
0.600881
0.601738
0.601538
0.601204
0.601223
0.60065
0.605842
0.606412
0.606536
0.607158
0.607154
0.606958
0.607221
0.606919
0.605731
0.605787
0.60432
0.605328
0.605807
0.605261
0.604922
0.604396
0.606516
0.607492
0.607401
0.606879
0.60487
0.605328
0.605755
0.606114
0.605986
0.607373
0.608788
0.609322
0.609294
0.609712
0.609601
0.608947
0.608947
0.608421
0.609334
0.60913
0.609346
0.608756
0.608564
0.608899
0.608983
0.608808
0.609242
0.609202
0.609262
0.609919
0.609226
0.608473
0.608114
0.608413
0.604328
0.605097
0.605643
0.60434
0.604296
0.606663
0.6076
0.607469
0.606811
0.606369
0.606855
0.607763
0.608007
0.60768
0.608226
0.609342
0.612626
0.616547
0.620903
0.625331
0.629368
0.63437
0.63755
0.640734
0.644532
0.647139
0.651977
0.656476
0.662466
0.666384
0.666583
0.657787
0.642137
0.639754
0.653738
0.652076
0.648529
0.632325
0.630352
0.569935
0.55175
0.55693
0.569369
0.587777
0.595325
0.55717
0.564666
0.573721
0.57333
0.5827
0.555675
0.559266
0.554794
0.551451
0.557963
0.545939
0.539989
0.524374
0.493341
0.484736
0.494855
0.526204
0.48362
0.453475
0.421417
0.385593
0.38042
0.349422
0.285087
0.251347
0.284158
0.356269
0.373984
0.359896
0.341503
0.310729
0.325554
0.32015
0.330854
0.348414
0.352981
0.430041
0.458529
0.472979
0.464758
0.432779
0.408086
0.402136
0.445632
0.485605
0.545863
0.568193
0.60116
0.5946
0.560836
0.532827
0.526558
0.541009
0.497641
0.429085
0.395991
0.353874
0.338614
0.334732
0.337649
0.377543
0.414331
0.427535
0.447505
0.446955
0.420859
0.361091
0.334258
0.317468
0.36086
0.363594
0.324048
0.318671
0.340395
0.348015
0.356353
0.358445
0.282604
0.249119
0.26426
0.281875
0.280982
0.284003
0.302443
0.324159
0.37993
0.429707
0.405249
0.344225
0.293341
0.240208
0.213227
0.179472
0.151299
0.134792
0.123944
0.117703
0.111988
0.109856
0.10915
0.10805
0.107795
0.106357
0.106524
0.105906
0.104974
0.104778
0.104962
0.103834
0.103097
0.102642
0.102096
0.101949
0.101208
0.101088
0.100929
0.10063
0.100554
0.100638
0.100271
0.0999243
0.0999322
0.0996692
0.0997489
0.0996533
0.0999083
0.136402
0.135992
0.174151
0.185087
0.161828
0.142069
0.12217
0.109904
0.105568
0.100741
0.139435
0.153894
0.175048
0.156309
0.135736
0.123075
0.113777
0.10701
0.102064
0.100371
0.104189
0.118249
0.112486
0.109186
0.104611
0.104758
0.153435
0.20381
0.261239
0.297609
0.298625
0.320194
0.301498
0.190682
0.149661
0.134246
0.123338
0.110573
0.102495
0.0999641
0.0989758
0.0987247
0.0970309
0.0969512
0.0968516
0.0969313
0.0969632
0.0972979
0.0973697
0.0971106
0.0970509
0.0971146
0.0971943
0.097286
0.097816
0.0974414
0.09729
0.0973777
0.0974175
0.0978718
0.0979595
0.0979276
0.097816
0.0977403
0.0972581
0.097007
0.0971983
0.0973019
0.124474
0.157058
0.169847
0.158293
0.143942
0.137586
0.131313
0.182309
0.233533
0.245118
0.220202
0.211043
0.20438
0.185059
0.167013
0.182975
0.199976
0.201622
0.186123
0.185091
0.207465
0.23199
0.227068
0.211737
0.202786
0.193703
0.185697
0.210067
0.218898
0.228132
0.240021
0.23437
0.239287
0.254958
0.260418
0.276339
0.272553
0.279288
0.280846
0.281799
0.289024
0.298888
0.306791
0.313363
0.319763
0.335083
0.361458
0.370377
0.395042
0.429085
0.445592
0.467356
0.469456
0.479272
0.502363
0.526335
0.543376
0.55122
0.554412
0.560402
0.566396
0.56846
0.570014
0.555922
0.532528
0.516942
0.519313
0.515726
0.517655
0.521585
0.52488
0.525351
0.520082
0.511151
0.505257
0.485414
0.479456
0.478579
0.471365
0.470485
0.471712
0.473103
0.474374
0.474773
0.47453
0.474649
0.474032
0.474976
0.473019
0.47272
0.474574
0.481229
0.480671
0.480512
0.479854