0.333333,0.182166
0.666667,0.180412
1,0.17924
1.33333,0.177228
1.66667,0.176415
2,0.176925
2.33333,0.176789
2.66667,0.17712
3,0.177873
3.33333,0.178941
3.66667,0.179814
4,0.209501
4.33333,0.282676
4.66667,0.29505
5,0.255436
5.33333,0.236087
5.66667,0.222011
6,0.256225
6.33333,0.332102
6.66667,0.384174
7,0.388064
7.33333,0.308034
7.66667,0.263901
8,0.247808
8.33333,0.237566
8.66667,0.231771
9,0.214244
9.33333,0.202965
9.66667,0.192866
10,0.185661
10.3333,0.184704
10.6667,0.185075
11,0.183891
11.3333,0.18482
11.6667,0.186131
12,0.184298
12.3333,0.184469
12.6667,0.18468
13,0.185151
13.3333,0.187227
13.6667,0.186087
14,0.186813
14.3333,0.187255
14.6667,0.186956
15,0.186637
15.3333,0.186378
15.6667,0.185485
16,0.186908
16.3333,0.185446
16.6667,0.1858
17,0.188168
17.3333,0.187072
17.6667,0.188088
18,0.186693
18.3333,0.186948
18.6667,0.184254
19,0.223557
19.3333,0.305097
19.6667,0.329906
20,0.281261
20.3333,0.250849
20.6667,0.257799
21,0.276973
21.3333,0.290471
21.6667,0.278559
22,0.25697
22.3333,0.239726
22.6667,0.227901
23,0.222824
23.3333,0.219452
23.6667,0.212645
24,0.205994
24.3333,0.202383
24.6667,0.201048
25,0.196214
25.3333,0.191551
25.6667,0.189925
26,0.201315
26.3333,0.234971
26.6667,0.245365
27,0.204197
27.3333,0.247653
27.6667,0.370449
28,0.435569
28.3333,0.422063
28.6667,0.401092
29,0.426698
29.3333,0.44509
29.6667,0.451299
30,0.44992
30.3333,0.425929
30.6667,0.426188
31,0.414319
31.3333,0.391228
31.6667,0.379695
32,0.368181
32.3333,0.360892
32.6667,0.365296
33,0.367914
33.3333,0.369046
33.6667,0.369138
34,0.369608
34.3333,0.369951
34.6667,0.357628
35,0.355982
35.3333,0.351251
35.6667,0.349916
36,0.349693
36.3333,0.348804
36.6667,0.349494
37,0.349095
37.3333,0.34833
37.6667,0.347924
38,0.348653
38.3333,0.353121
38.6667,0.355707
39,0.352284
39.3333,0.349259
39.6667,0.34578
40,0.343097
40.3333,0.340292
40.6667,0.334868
41,0.334828
41.3333,0.32759
41.6667,0.327184
42,0.3262
42.3333,0.324091
42.6667,0.326008
43,0.328105
43.3333,0.361709
43.6667,0.355002
44,0.341854
44.3333,0.337175
44.6667,0.330006
45,0.331588
45.3333,0.329962
45.6667,0.330994
46,0.331301
46.3333,0.330731
46.6667,0.33146
47,0.331197
47.3333,0.331907
47.6667,0.331106
48,0.327981
48.3333,0.327443
48.6667,0.327216
49,0.328459
49.3333,0.328866
49.6667,0.329898
50,0.330101
50.3333,0.332991
50.6667,0.332568
51,0.337076
51.3333,0.342057
51.6667,0.370309
52,0.358644
52.3333,0.373031
52.6667,0.358557
53,0.345572
53.3333,0.345034
53.6667,0.342081
54,0.341121
54.3333,0.34941
54.6667,0.36076
55,0.372469
55.3333,0.390447
55.6667,0.390941
56,0.387466
56.3333,0.387303
56.6667,0.388195
57,0.387785
57.3333,0.387359
57.6667,0.386255
58,0.383736
58.3333,0.384696
58.6667,0.380492
59,0.380269
59.3333,0.379731
59.6667,0.378949
60,0.378985
60.3333,0.378364
60.6667,0.379205
61,0.380472
61.3333,0.380057
61.6667,0.381867
62,0.382572
62.3333,0.38195
62.6667,0.382429
63,0.391802
63.3333,0.391985
63.6667,0.386175
64,0.387554
64.3333,0.388737
64.6667,0.385788
65,0.380974
65.3333,0.378109
65.6667,0.379209
66,0.379101
66.3333,0.377873
66.6667,0.375901
67,0.374083
67.3333,0.375255
67.6667,0.374558
68,0.376877
68.3333,0.377343
68.6667,0.376642
69,0.374665
69.3333,0.376977
69.6667,0.377407
70,0.377048
70.3333,0.37824
70.6667,0.379312
71,0.380213
71.3333,0.378089
71.6667,0.379049
72,0.386131
72.3333,0.408796
72.6667,0.401395
73,0.398278
73.3333,0.397461
73.6667,0.393484
74,0.402308
74.3333,0.401742
74.6667,0.411514
75,0.400674
75.3333,0.397645
75.6667,0.393145
76,0.389391
76.3333,0.38649
76.6667,0.382393
77,0.383716
77.3333,0.383668
77.6667,0.379926
78,0.375857
78.3333,0.377128
78.6667,0.378758
79,0.378117
79.3333,0.377148
79.6667,0.381572
80,0.385003
80.3333,0.379109
80.6667,0.37883
81,0.371433
81.3333,0.369385
81.6667,0.369978
82,0.377331
82.3333,0.380281
82.6667,0.381042
83,0.38164
83.3333,0.37875
83.6667,0.377136
84,0.377523
84.3333,0.380328
84.6667,0.381078
85,0.381699
85.3333,0.386518
85.6667,0.383584
86,0.388156
86.3333,0.387502
86.6667,0.396776
87,0.402292
87.3333,0.407811
87.6667,0.418313
88,0.419711
88.3333,0.428105
88.6667,0.438411
89,0.435888
89.3333,0.425259
89.6667,0.408533
90,0.413729
90.3333,0.434581
90.6667,0.441615
91,0.425124
91.3333,0.42331
91.6667,0.423326
92,0.436502
92.3333,0.455201
92.6667,0.461418
93,0.444181
93.3333,0.429926
93.6667,0.427327
94,0.43109
94.3333,0.446369
94.6667,0.446349
95,0.432692
95.3333,0.415527
95.6667,0.40644
96,0.404539
96.3333,0.407899
96.6667,0.398964
97,0.393715
97.3333,0.390499
97.6667,0.379898
98,0.375956
98.3333,0.384991
98.6667,0.390395
99,0.390459
99.3333,0.394094
99.6667,0.405639
100,0.409987
100.333,0.412526
100.667,0.408018
101,0.419751
101.333,0.389036
101.667,0.359059
102,0.356528
102.333,0.352961
102.667,0.364813
103,0.364802
103.333,0.321931
103.667,0.281608
104,0.277622
104.333,0.287231
104.667,0.324813
105,0.374307
105.333,0.370106
105.667,0.31412
106,0.302499
106.333,0.281803
106.667,0.267017
107,0.252734
107.333,0.273462
107.667,0.270847
108,0.271489
108.333,0.260641
108.667,0.245843
109,0.19741
109.333,0.206078
109.667,0.219859
110,0.225068
110.333,0.264363
110.667,0.360968
111,0.383469
111.333,0.348342
111.667,0.339527
112,0.395381
112.333,0.388905
112.667,0.39075
113,0.389108
113.333,0.384425
113.667,0.352977
114,0.368317
114.333,0.355536
114.667,0.330217
115,0.30175
115.333,0.304511
115.667,0.239072
116,0.205332
116.333,0.184358
116.667,0.186338
117,0.193225
117.333,0.198386
117.667,0.212912
118,0.211765
118.333,0.228009
118.667,0.214252
119,0.206679
119.333,0.194405
119.667,0.192436
120,0.220054
120.333,0.295604
120.667,0.22651
121,0.193468
121.333,0.192021
121.667,0.18979
122,0.187948
122.333,0.188498
122.667,0.190316
123,0.191575
123.333,0.191416
123.667,0.1881
124,0.215666
124.333,0.202292
124.667,0.199522
125,0.200825
125.333,0.216954
125.667,0.279021
126,0.290551
126.333,0.249474
126.667,0.294337
127,0.311717
127.333,0.2892
127.667,0.229436
128,0.208891
128.333,0.19242
128.667,0.189084
129,0.200618
129.333,0.198426
129.667,0.195509
130,0.194835
130.333,0.192906
130.667,0.1902
131,0.185752
131.333,0.182823
131.667,0.182178
132,0.18307
132.333,0.190025
132.667,0.18961
133,0.190025
133.333,0.191097
133.667,0.38091
134,0.440336
134.333,0.329723
134.667,0.361904
135,0.283445
135.333,0.24401
135.667,0.164275
136,0.164032
136.333,0.170106
136.667,0.17498
137,0.179998
137.333,0.181683
137.667,0.191288
138,0.191133
138.333,0.190686
138.667,0.190471
139,0.190874
139.333,0.190886
139.667,0.191388
140,0.192249
140.333,0.341416
140.667,0.552029
141,0.514148
141.333,0.480934
141.667,0.47875
142,0.493747
142.333,0.362558
142.667,0.285175
143,0.19666
143.333,0.161601
143.667,0.141659
144,0.144361
144.333,0.161442
144.667,0.162378
145,0.164236
145.333,0.167767
145.667,0.173314
146,0.188044
146.333,0.188502
146.667,0.188172
147,0.18967
147.333,0.192057
147.667,0.191491
148,0.191224
148.333,0.190858
148.667,0.190913
149,0.190176
149.333,0.190188
149.667,0.190503
150,0.190308
150.333,0.190395
150.667,0.190543
151,0.190638
151.333,0.191878
151.667,0.282843
152,0.246573
152.333,0.192073
152.667,0.191607
153,0.191647
153.333,0.191611
153.667,0.191886
154,0.192703
154.333,0.19187
154.667,0.191663
155,0.191671
155.333,0.191786
155.667,0.192141
156,0.191555
156.333,0.191256
156.667,0.191292
157,0.191495
157.333,0.191567
157.667,0.191914
158,0.224012
158.333,0.246182
158.667,0.25208
159,0.235525
159.333,0.224012
159.667,0.270875
160,0.294847
160.333,0.249322
160.667,0.227746
161,0.199717
161.333,0.201901
161.667,0.205113
162,0.203934
162.333,0.203977
162.667,0.243424
163,0.244963
163.333,0.235378
163.667,0.220552
164,0.212741
164.333,0.211765
164.667,0.211047
165,0.210936
165.333,0.208102
165.667,0.20281
166,0.197007
166.333,0.196505
166.667,0.196541
167,0.196872
167.333,0.196995
167.667,0.207871
168,0.244879
168.333,0.189614
168.667,0.184226
169,0.182891
169.333,0.175
169.667,0.187418
170,0.191974
170.333,0.191834
170.667,0.190901
171,0.196477
171.333,0.198358
171.667,0.225068
172,0.239718
172.333,0.237721
172.667,0.225789
173,0.219281
173.333,0.214598
173.667,0.210501
174,0.205432
174.333,0.20067
174.667,0.194317
175,0.193807
175.333,0.229898
175.667,0.193731
176,0.194628
176.333,0.22555
176.667,0.196222
177,0.182405
177.333,0.177363
177.667,0.167117
178,0.167412
178.333,0.167799
178.667,0.169755
179,0.18303
179.333,0.184374
179.667,0.184334
180,0.184342
180.333,0.185043
180.667,0.185286
181,0.1848
181.333,0.18594
181.667,0.187673
182,0.188355
182.333,0.200506
182.667,0.19409
183,0.194074
183.333,0.194624
183.667,0.219915
184,0.198274
184.333,0.195903
184.667,0.196047
185,0.195736
185.333,0.195732
185.667,0.196098
186,0.196604
186.333,0.196676
186.667,0.196214
187,0.196672
187.333,0.197569
187.667,0.19725
188,0.197425
188.333,0.197091
188.667,0.197234
189,0.196887
189.333,0.196059
189.667,0.195811
190,0.20108
190.333,0.239375
190.667,0.321142
191,0.284481
191.333,0.25167
191.667,0.238925
192,0.229539
192.333,0.261557
192.667,0.27343
193,0.244253
193.333,0.233453
193.667,0.222633
194,0.216137
194.333,0.212008
194.667,0.20915
195,0.205201
195.333,0.201148
195.667,0.201562
196,0.200462
196.333,0.206125
196.667,0.364953
197,0.540997
197.333,0.606899
197.667,0.606468
198,0.594173
198.333,0.57667
198.667,0.574454
199,0.566463
199.333,0.546154
199.667,0.519221
200,0.493604
200.333,0.498059
200.667,0.519305
201,0.496218
201.333,0.493847
201.667,0.484449
202,0.47659
202.333,0.456528
202.667,0.449657
203,0.430687
203.333,0.445827
203.667,0.489355
204,0.523964
204.333,0.520891
204.667,0.496804
205,0.507329
205.333,0.537753
205.667,0.560884
206,0.516615
206.333,0.483222
206.667,0.464594
207,0.459979
207.333,0.460481
207.667,0.446943
208,0.471345
208.333,0.525518
208.667,0.553256
209,0.494309
209.333,0.471182
209.667,0.457186
210,0.459896
210.333,0.460693
210.667,0.474478
211,0.471788
211.333,0.458226
211.667,0.453113
212,0.446545
212.333,0.44519
212.667,0.440662
213,0.437865
213.333,0.432532
213.667,0.432795
214,0.428997
214.333,0.423382
214.667,0.422904
215,0.423709
215.333,0.424243
215.667,0.422681
216,0.422007
216.333,0.424235
216.667,0.423936
217,0.424131
217.333,0.424613
217.667,0.422581
218,0.423745
218.333,0.424956
218.667,0.425845
219,0.426781
219.333,0.445772
219.667,0.462335
220,0.478559
220.333,0.487849
220.667,0.483804
221,0.479268
221.333,0.484676
221.667,0.470166
222,0.455412
222.333,0.445568
222.667,0.438781
223,0.433959
223.333,0.426403
223.667,0.426443
224,0.426196
224.333,0.424378
224.667,0.420138
225,0.423306
225.333,0.426447
225.667,0.451315
226,0.483401
226.333,0.496967
226.667,0.490431
227,0.506416
227.333,0.50118
227.667,0.481843
228,0.464929
228.333,0.455065
228.667,0.44778
229,0.447198
229.333,0.439833
229.667,0.432724
230,0.436275
230.333,0.466575
230.667,0.509071
231,0.483098
231.333,0.466264
231.667,0.454276
232,0.464722
232.333,0.46314
232.667,0.452682
233,0.446915
233.333,0.441993
233.667,0.442635
234,0.451913
234.333,0.485414
234.667,0.491794
235,0.473792
235.333,0.457875
235.667,0.45041
236,0.452447
236.333,0.45047
236.667,0.446469
237,0.439726
237.333,0.434692
237.667,0.432205
238,0.430053
238.333,0.430508
238.667,0.43048
239,0.429392
239.333,0.430037
239.667,0.431117
240,0.430763
240.333,0.43205
240.667,0.434672
241,0.436797
241.333,0.433297
241.667,0.431588
242,0.432034
242.333,0.432166
242.667,0.440754
243,0.491268
243.333,0.509385
243.667,0.493699
244,0.461159
244.333,0.440419
244.667,0.431671
245,0.432209
245.333,0.432134
245.667,0.431807
246,0.431675
246.333,0.430412
246.667,0.429934
247,0.430671
247.333,0.4294
247.667,0.431428
248,0.429189
248.333,0.430065
248.667,0.4305
249,0.430552
249.333,0.431851
249.667,0.427877
250,0.429021
250.333,0.429786
250.667,0.430165
251,0.430862
251.333,0.429149
251.667,0.430141
252,0.430484
252.333,0.430659
252.667,0.430711
253,0.429834
253.333,0.430639
253.667,0.431703
254,0.441806
254.333,0.457692
254.667,0.490208
255,0.523673
255.333,0.532823
255.667,0.526259
256,0.511314
256.333,0.499334
256.667,0.497342
257,0.496166
257.333,0.496007
257.667,0.497418
258,0.491571
258.333,0.494409
258.667,0.493883
259,0.494652
259.333,0.495002
259.667,0.495385
260,0.494915
260.333,0.497039
260.667,0.501024
261,0.496357
261.333,0.494142
261.667,0.494895
262,0.497115
262.333,0.494994
262.667,0.497661
263,0.503009
263.333,0.504404
263.667,0.49725
264,0.498342
264.333,0.501602
264.667,0.494245
265,0.495377
265.333,0.500626
265.667,0.501028
266,0.495393
266.333,0.496194
266.667,0.498011
267,0.494851
267.333,0.502618
267.667,0.503105
268,0.507728
268.333,0.508178
268.667,0.502818
269,0.500004
269.333,0.504635
269.667,0.49837
270,0.498059
270.333,0.49666
270.667,0.50585
271,0.501634
271.333,0.503655
271.667,0.50314
272,0.505751
272.333,0.499099
272.667,0.499183
273,0.498466
273.333,0.498788
273.667,0.502383
274,0.510768
274.333,0.509298
274.667,0.510386
275,0.510685
275.333,0.514136
275.667,0.513773
276,0.516424
276.333,0.51479
276.667,0.523007
277,0.53266
277.333,0.537068
277.667,0.539112
278,0.544656
278.333,0.554487
278.667,0.54568
279,0.536809
279.333,0.527555
279.667,0.528113
280,0.53362
280.333,0.542894
280.667,0.536027
281,0.531795
281.333,0.528579
281.667,0.517524
282,0.507556
282.333,0.496549
282.667,0.454834
283,0.368536
283.333,0.331887
283.667,0.287359
284,0.289443
284.333,0.263654
284.667,0.292005
285,0.325179
285.333,0.335924
285.667,0.34073
286,0.341587
286.333,0.329232
286.667,0.341013
287,0.327208
287.333,0.324
287.667,0.307269
288,0.332648
288.333,0.393233
288.667,0.413813
289,0.429384
289.333,0.390264
289.667,0.336729
290,0.271836
290.333,0.253148
290.667,0.287693
291,0.33869
291.333,0.381895
291.667,0.356919
292,0.294871
292.333,0.238395
292.667,0.224745
293,0.244688
293.333,0.205942
293.667,0.176395
294,0.176
294.333,0.290439
294.667,0.347916
295,0.312339
295.333,0.218671
295.667,0.178945
296,0.181831
296.333,0.173195
296.667,0.196425
297,0.188961
297.333,0.174342
297.667,0.179244
298,0.266443
298.333,0.382473
298.667,0.335585
299,0.276662
299.333,0.232078
299.667,0.261079
300,0.256213
300.333,0.273219
300.667,0.347529
301,0.398139
301.333,0.387227
301.667,0.350434
302,0.308748
302.333,0.266647
302.667,0.231369
303,0.198406
303.333,0.260641
303.667,0.270576
304,0.223737
304.333,0.152471
304.667,0.141639
305,0.141256
305.333,0.197569
305.667,0.234513
306,0.229495
306.333,0.218113
306.667,0.19664
307,0.181197
307.333,0.163777
307.667,0.154842
308,0.150112
308.333,0.17663
308.667,0.279826
309,0.399374
309.333,0.453268
309.667,0.332524
310,0.270473
310.333,0.243843
310.667,0.241722
311,0.29175
311.333,0.281273
311.667,0.245377
312,0.220951
312.333,0.204962
312.667,0.272509
313,0.375781
313.333,0.355839
313.667,0.304687
314,0.236593
314.333,0.272569
314.667,0.268157
315,0.245931
315.333,0.202451
315.667,0.152407
316,0.147039
316.333,0.146959
316.667,0.149454
317,0.157273
317.333,0.162586
317.667,0.171326
318,0.185386
318.333,0.1859
318.667,0.186223
319,0.186338
319.333,0.186709
319.667,0.187406
320,0.186721
320.333,0.186689
320.667,0.187163
321,0.187562
321.333,0.1891
321.667,0.188634
322,0.187729
322.333,0.186836
322.667,0.187199
323,0.186669
323.333,0.186793
323.667,0.187454
324,0.186801
324.333,0.186793
324.667,0.187374
325,0.188379
325.333,0.188722
325.667,0.188419
326,0.188945
326.333,0.189092
326.667,0.189088
327,0.197099
327.333,0.24878
327.667,0.279352
328,0.274765
328.333,0.250996
328.667,0.234154
329,0.218516
329.333,0.205858
329.667,0.19444
330,0.186852
330.333,0.18427
330.667,0.183134
331,0.184792
331.333,0.18922
331.667,0.18739
332,0.183804
332.333,0.18543
332.667,0.185083
333,0.184951
333.333,0.185537
333.667,0.185593
334,0.185378
334.333,0.192368
334.667,0.211031
335,0.214104
335.333,0.207078
335.667,0.202037
336,0.198402
336.333,0.193173
336.667,0.286514
337,0.49619
337.333,0.554141
337.667,0.543783
338,0.511852
338.333,0.328722
338.667,0.28158
339,0.189977
339.333,0.171074
339.667,0.176957
340,0.180496
340.333,0.182393
340.667,0.190136
341,0.189901
341.333,0.190069
341.667,0.189778
342,0.189443
342.333,0.200721
342.667,0.220588
343,0.236557
343.333,0.233242
343.667,0.215228
344,0.211015
344.333,0.205615
344.667,0.202798
345,0.194269
345.333,0.189586
345.667,0.187586
346,0.187749
346.333,0.186689
346.667,0.186908
347,0.187414
347.333,0.187861
347.667,0.187905
348,0.187829
348.333,0.187689
348.667,0.187442
349,0.187793
349.333,0.188048
349.667,0.187649
350,0.188008
350.333,0.187889
350.667,0.188737
351,0.19792
351.333,0.176913
351.667,0.175446
352,0.175052
352.333,0.173916
352.667,0.174669
353,0.258015
353.333,0.370062
353.667,0.426614
354,0.462669
354.333,0.467352
354.667,0.453407
355,0.438351
355.333,0.357118
355.667,0.306074
356,0.281998
356.333,0.255125
356.667,0.236785
357,0.224051
357.333,0.213323
357.667,0.225793
358,0.243831
358.333,0.222186
358.667,0.208744
359,0.201598
359.333,0.213199
359.667,0.268528
360,0.300422
360.333,0.249717
360.667,0.219432
361,0.201578
361.333,0.197445
361.667,0.250247
362,0.215599
362.333,0.259218
362.667,0.287673
363,0.320086
363.333,0.291579
363.667,0.270481
364,0.271242
364.333,0.276574
364.667,0.268719
365,0.257066
365.333,0.233987
365.667,0.289323
366,0.412012
366.333,0.474247
366.667,0.498996
367,0.504966
367.333,0.497864
367.667,0.492181
368,0.477435
368.333,0.474988
368.667,0.478957
369,0.474283
369.333,0.45911
369.667,0.440025
370,0.435988
370.333,0.431305
370.667,0.42928
371,0.429388
371.333,0.426295
371.667,0.421776
372,0.418329
372.333,0.411988
372.667,0.403356
373,0.396688
373.333,0.395943
373.667,0.393775
374,0.393472
374.333,0.393384
374.667,0.387235
375,0.386864
375.333,0.386601
375.667,0.386004
376,0.381687
376.333,0.375945
376.667,0.378156
377,0.373792
377.333,0.374171
377.667,0.375662
378,0.371497
378.333,0.371066
378.667,0.370847
379,0.36956
379.333,0.368412
379.667,0.363144
380,0.362127
380.333,0.383449
380.667,0.390391
381,0.398633
381.333,0.401574
381.667,0.398103
382,0.399757
382.333,0.399586
382.667,0.401574
